48
251
32
367
13
453
364
387
479
38
97
107
196
16
488
53
346
425
232
153
252
374
59
236
206
411
150
385
396
243
228
118
341
287
88
130
220
269
472
135
255
283
386
176
167
213
216
330
404
320
117
39
362
211
114
139
218
147
174
245
407
159
199
173
208
388
80
105
15
312
476
474
87
495
325
30
5
290
256
286
373
268
186
193
342
304
84
96
379
466
100
390
454
280
477
448
185
85
417
248
146
265
8
249
344
263
481
398
54
372
231
19
241
279
168
235
42
339
433
382
491
375
145
299
467
49
177
207
293
180
473
414
429
115
366
294
56
70
275
9
10
221
359
451
316
51
332
355
443
121
348
395
33
444
110
219
470
463
202
162
229
113
127
18
6
352
120
274
409
133
179
394
307
457
204
446
188
365
237
393
12
278
297
284
400
205
137
25
157
1
338
154
418
149
333
106
192
441
468
301
262
239
445
431
7
478
163
292
140
22
195
353
175
384
187
487
125
247
302
489
45
424
82
55
458
103
456
350
62
14
242
156
416
31
151
217
161
345
363
170
334
389
61
289
452
246
194
129
438
79
303
24
182
347
371
277
143
189
354
198
119
71
76
144
435
264
148
238
210
492
357
74
200
215
420
254
201
77
112
20
132
131
124
209
94
197
27
324
318
191
469
23
90
291
391
329
361
295
380
222
99
181
0
305
101
405
212
68
313
369
35
335
323
138
402
410
399
98
178
26
298
93
267
459
337
408
66
360
261
21
434
356
250
260
464
406
233
321
296
421
223
89
317
397
102
358
381
442
480
75
203
123
343
336
111
486
484
52
327
63
166
496
285
266
494
483
108
72
422
172
281
104
309
225
253
300
471
440
142
308
116
419
46
310
314
306
485
412
282
57
152
128
272
258
368
450
95
58
92
36
436
126
315
64
91
351
240
3
44
437
273
319
455
171
190
73
41
17
340
83
311
43
430
226
257
78
2
169
165
155
322
34
401
160
377
376
475
271
244
234
37
67
449
65
392
69
370
465
403
288
40
378
413
158
482
415
259
29
326
493
432
141
81
60
122
11
439
428
383
184
462
109
4
227
50
136
490
349
230
426
86
224
183
331
423
214
461
270
460
134
276
28
47
164
427
447
328
