6330
5979
8490
4590
1087
1514
7617
1457
5530
1404
30
6137
6650
4967
3508
1317
4998
7445
366
4482
2971
3212
6426
2800
1397
2457
2600
8423
1431
4750
4816
2525
4391
7704
2453
6460
4278
5651
5450
8746
4163
1270
8386
5442
3614
4187
3578
4280
5390
4660
1048
603
6384
8780
6174
7747
5701
6768
5367
1244
6846
7961
4084
2216
4356
1593
6367
2047
5841
2859
8655
2446
3942
5498
5682
5669
2703
1980
8701
4339
6055
1260
4920
1469
7197
7147
5745
5662
367
2696
6438
4910
7877
6834
4847
341
951
8134
2179
7074
4639
6524
4799
354
2667
301
5382
4209
1003
3168
2984
6626
4911
4013
6600
5953
7111
4456
6257
5264
2255
476
4554
2987
2851
2825
1189
6445
6732
5585
7336
2357
6583
5008
6281
8599
8084
7068
8727
1688
7077
538
3017
4792
5269
6723
6033
8428
4368
4813
4743
3085
4508
1912
7138
7438
7970
3590
8376
3803
5246
257
6184
573
5917
5552
1816
8208
4771
5800
8767
6855
2608
8201
2454
6378
1171
8473
1759
2485
2508
3304
4791
5262
3173
5239
4431
8112
2061
6193
1154
3156
6347
7534
8737
7646
6008
602
4734
6491
5047
2740
8819
2826
234
4279
2513
8699
4994
2392
6930
8050
4668
8513
4134
5826
2843
692
3514
1665
7382
4627
3065
6545
8536
3002
2248
2534
7384
8196
8604
8787
7716
2804
8070
2593
5969
1091
6832
6841
5418
4580
4713
745
4597
3134
5507
4174
1365
5767
772
5546
3927
3046
8630
3384
1680
5124
663
1106
5836
6610
440
3738
743
1392
6150
2127
7801
2510
6529
3615
3311
4849
8524
7188
4089
85
3374
235
6821
424
5717
4008
3239
2180
7224
3297
5847
651
6145
2623
7124
515
4787
8537
2770
4037
5281
1461
2722
8119
7832
4136
5157
775
1400
3110
5678
3425
86
1199
4801
5643
1634
1583
6272
5536
2267
2140
711
7135
2829
189
390
2616
6452
7168
3169
6734
5161
4924
848
1190
1312
5435
1854
8281
4986
4114
544
3346
1754
4257
532
7318
4327
4249
6938
5118
4558
5449
243
964
4663
1363
5850
3005
7386
2908
5901
2064
8193
2582
4100
6648
6220
2014
7569
1146
4022
4370
8272
1539
923
930
589
193
7797
8096
3998
1877
5723
3025
2486
7305
8387
6334
6402
8359
3859
4595
6787
7650
8252
7086
722
1032
3203
7760
7545
7960
4730
6594
4666
6161
569
5238
5459
19
5162
1787
1231
7400
6035
7825
1594
7620
5521
2886
8692
3845
1689
6484
7156
701
8322
3186
3401
2532
1297
3238
2769
2509
8262
5338
5085
3899
4961
2764
8785
3031
3847
6410
2492
8051
815
1105
739
5608
6368
5215
7414
5751
6668
1555
1299
667
7049
7145
623
131
2702
5966
477
8718
5135
2156
6519
794
1606
1642
522
2402
7253
1834
657
6671
7552
5470
764
4162
1994
5833
2341
3565
2474
2212
7518
8424
530
410
7796
6982
4587
48
6681
4864
3463
7432
8483
309
4378
3654
5718
658
4496
377
5867
6891
1614
7936
4300
4881
6593
1572
4382
7406
3347
835
3368
5131
7329
6877
1268
6405
994
2210
7633
6463
5855
4067
7060
3060
6053
3666
7715
679
8442
6013
1621
4887
878
2911
8631
632
6038
2021
3343
4076
7805
5929
6669
262
659
5168
792
7921
6313
6673
182
264
1477
7311
7727
8682
7012
3009
5502
4717
8199
8182
2993
7874
2438
1683
430
7465
5119
8602
4103
296
3586
6642
2516
3178
4080
6792
7385
3911
831
1331
3301
7577
6739
5223
6741
6596
364
7505
5487
1040
857
1261
903
4511
4010
3403
6268
813
488
7540
8664
2001
7083
4289
6807
7808
3190
2153
6622
2342
1137
4756
670
44
6848
6971
7934
5806
4152
8159
2336
5049
7647
3225
999
288
6199
1890
4490
4127
7971
4768
3626
1409
82
277
3588
2787
5580
4196
8056
3040
5018
3070
2912
5444
879
5381
5102
3764
1696
723
8188
8303
2351
8427
4173
90
1286
8305
6147
8238
3345
4435
2884
4543
7480
7930
6392
6306
4056
1802
1259
5732
274
908
1441
8017
7516
8546
6266
5383
3882
2665
6117
3752
8295
6606
3380
3568
724
6774
4042
3857
4588
7755
18
60
7294
7062
1986
1304
3315
3825
620
956
630
3406
4806
3251
3846
1285
606
3306
1167
5557
8378
592
6092
2715
6523
4725
3805
3036
7803
1925
7652
3474
3607
191
8253
4657
247
1301
7375
8503
7325
8762
1330
2042
1393
7487
2791
6808
4333
6937
5030
8516
1328
2816
2496
6931
6076
1844
3298
7046
2830
3280
3940
2166
7155
1088
4542
51
6059
352
1974
5402
2827
4718
3639
5428
7223
6331
4395
8025
7484
934
24
3455
6717
7645
5822
8670
8437
8417
4320
1374
2004
2625
706
5363
6216
3045
8226
8033
8558
886
5740
4606
585
147
3702
8826
162
1546
801
3123
5905
3584
1179
2719
7148
8769
4997
6472
1584
5133
441
1500
6564
5523
637
3411
1668
1915
4283
78
5458
8779
4040
8440
2058
2871
43
5830
6843
7441
4614
2528
2752
8319
3035
6301
2902
6461
6346
4641
6706
5813
2675
5641
3627
3158
4675
8306
8318
5184
782
5960
8191
1451
8552
932
7933
2762
7434
786
509
2647
2461
5179
3372
2692
3889
4650
5283
6286
7629
6135
546
8142
7350
4287
8588
343
5287
2833
4976
3870
2674
1808
8163
8464
1051
3746
5052
4591
7512
120
502
5311
7243
186
3493
2133
7730
4584
7050
2638
5974
8021
1015
2177
572
6062
6863
3329
83
712
4825
3928
4025
4761
8184
6058
4888
5058
5885
6772
2639
7158
6328
3819
4126
5328
3993
1758
5583
4530
8831
8118
4851
6586
2809
4909
5199
2806
563
1578
8125
7025
1706
3536
3518
4980
158
6522
5272
1413
691
129
2634
6686
1521
8043
8671
3450
5123
5394
7036
2964
6124
6439
359
479
2143
7834
473
7942
1349
4429
4452
2251
8610
8147
7576
7436
8738
4065
7323
938
6811
785
1934
7404
7978
7587
2000
208
5606
5757
5186
8580
5889
2561
6591
3147
8553
6872
230
260
1283
7706
2467
2712
94
4323
3837
2941
6968
2963
3606
4179
7261
501
1119
2726
3204
881
8351
5802
8816
7775
8293
6284
3877
1955
7222
5735
123
4443
1008
1610
3922
4579
3532
4985
3587
4683
2948
3786
1250
4180
5578
2119
6548
7464
7283
1027
5266
223
2597
268
8356
8528
5456
4376
6303
1490
7116
5172
5594
981
8713
2750
2662
2145
6765
3934
4935
2706
6763
6691
1377
6495
8492
5690
6096
1968
1723
2034
4414
1976
520
1491
5873
2317
6356
5986
2224
5603
855
227
1561
4988
1371
767
4592
2630
4135
4699
6490
8798
1575
3075
1874
3566
4678
8258
3745
1893
3090
1941
5964
2049
7080
6752
408
8484
629
3429
5807
1083
2574
2098
5352
5377
842
1485
7433
6043
362
3185
8459
4248
7708
3543
1574
8214
3296
8135
6684
4659
8663
3684
6690
4069
5563
2106
5799
5369
3689
5081
5937
2175
8422
4667
968
1557
1494
7937
8363
5230
7665
1724
1448
1213
8273
8035
2870
6585
4741
7528
1997
5375
5736
3772
3041
323
7026
5294
1743
4145
6136
2273
8289
7455
4311
5292
237
6339
5785
2464
2796
1120
2321
4140
5163
4269
3994
2161
2818
3078
2957
1308
7972
2426
4551
991
8091
6343
3431
5752
1033
2842
7945
6110
3342
8809
1274
3412
8659
1853
6044
2113
6911
8425
8392
521
2186
3362
6163
4890
4877
8257
2754
3869
7789
5904
7244
7671
3293
3791
3874
3319
5059
4373
8530
6492
250
7581
7333
3985
1474
7997
7657
2991
4758
2160
2834
4635
3718
8354
2936
8426
2979
1222
8001
3871
7923
3240
7084
7758
639
5614
6512
5750
2107
1910
5386
8317
4243
889
6798
797
7572
7781
5714
1366
4834
444
7764
4023
8707
6776
4264
4267
7018
1240
3340
750
1796
5295
102
2417
1211
414
7940
869
4600
7752
7968
4963
3267
8040
5768
7718
5175
467
5138
5611
6976
6433
7462
6269
2615
4937
5115
5011
1065
7902
6904
8591
6127
5152
1788
1612
7768
3174
6204
3088
1685
3677
8470
7511
5448
8380
7210
4318
6683
1673
6447
1016
8177
8680
7966
3950
7112
8829
3582
2756
8014
2632
4751
1245
3445
925
7278
717
5082
3504
7032
978
1793
7360
2080
5511
3257
5332
133
7010
1598
901
2155
1970
2028
4381
2515
6394
8277
6121
7067
6662
5079
1326
6542
3003
1845
646
7132
4767
2266
568
2946
7611
4116
5989
2360
1069
7228
3103
3526
6759
3355
384
529
1150
4457
6753
284
3585
1436
3495
7829
6547
3694
1037
180
287
5784
5645
5609
4215
5818
4812
913
6208
7833
5900
4822
8181
2121
7209
4936
8099
3907
1967
1820
1896
8815
505
6054
8157
1643
1747
7196
1281
177
7779
3229
4906
2598
1445
4789
2396
5091
2219
3448
6278
2275
6773
909
4000
5220
8022
3547
6175
6451
2024
2655
1421
5043
1797
4775
4361
4573
8280
1644
6499
5663
3427
5760
7688
6581
8300
4721
4340
2952
1872
8823
1353
3400
1554
5700
4293
7861
1658
1571
2933
7450
4319
3488
4814
1067
1387
2757
5265
3710
4844
6947
6429
7591
1659
6353
1227
3098
1719
2144
7690
6909
7562
6727
8229
8390
27
5495
3808
8052
2874
6181
1229
5995
4514
4896
7899
2383
5633
8430
8667
8589
3192
8827
427
1631
8081
7396
6791
75
2424
7473
3714
2913
5302
3087
6703
3451
7509
5738
8407
1860
3747
1751
523
434
378
5882
6589
1007
7171
1611
1992
5676
198
5562
2517
3967
3497
5541
7826
2305
5019
4262
1902
3856
7769
5679
6314
4979
3900
6889
3828
8377
7500
7021
2165
8372
3487
492
5279
5534
3549
4453
5950
8185
7849
8666
7893
7701
6179
1627
6963
3282
1737
6981
7783
862
3556
7513
5042
7719
2294
1831
2205
2209
4087
1892
2695
5599
1710
226
4917
2114
6954
2627
840
167
4944
2953
688
1537
143
1727
6799
8041
8301
6270
3300
2577
944
7722
3880
8414
1789
4334
830
918
6001
7390
5657
4516
6655
3292
8472
6012
3202
1356
8039
645
805
4811
6888
6420
4733
940
7402
2288
1425
7072
2184
3121
2507
2645
2206
4776
7870
6229
2268
8450
5284
8415
3930
5372
5535
7649
6871
4783
2755
8243
3478
8267
5763
5285
3263
5527
4957
2832
7836
2425
6109
4753
219
4286
1155
8638
2760
2928
1110
7028
2555
4292
320
3210
2377
3155
5110
4181
8703
4469
3183
6224
8461
8344
2551
1066
5878
7260
4081
5274
3030
5121
5107
2422
5485
7002
2586
7875
4341
7342
8108
7891
5340
1729
3550
3822
6156
5787
5731
7340
6516
7608
2922
774
790
6477
2296
172
6007
3117
5024
8148
2727
8661
7963
289
4359
5009
7042
5810
1439
1254
541
4736
5319
1647
5309
7975
5469
2954
5249
6296
7694
5255
2280
7293
7504
1744
1471
885
821
5933
7873
3646
2131
5254
4625
8000
6252
6929
5761
4197
356
165
7566
321
322
1765
6486
4773
2914
5126
1899
1502
3128
6180
7931
2628
1465
4440
1018
7392
2798
1034
6580
5491
4585
6200
7855
762
5398
1742
1045
579
1822
6920
5957
3769
1206
7437
7236
2008
7435
4154
2773
7580
6730
7530
7363
3551
3789
6255
413
6242
3642
126
2705
6758
8570
4312
3201
1073
7811
7623
7353
6129
914
6867
5554
6617
1791
2189
5853
1622
8749
5355
7738
4695
5733
3449
5029
6835
5005
13
6065
6256
4615
4502
3576
2973
8328
2909
787
5076
6689
1821
2115
4012
3860
3892
673
847
4112
8493
5481
3437
5781
4858
4605
8628
3112
5127
844
7519
7275
642
2334
8792
6856
6942
1813
1288
6493
4764
7332
8455
2821
7543
1456
5573
141
7992
5890
5290
2466
1232
1214
6613
4167
5852
6005
3683
5466
2653
8224
281
6837
5185
2172
8793
8192
5532
539
8419
2370
7745
2207
1044
5756
5336
197
1173
2353
7977
485
2309
3232
5517
8550
5326
4401
554
6004
5961
1236
6369
5430
8237
3650
5103
8231
7967
4053
2245
3386
5617
4335
426
7081
6168
3673
4638
2621
919
3454
5857
2573
248
3622
6924
1293
3540
1760
1876
6323
3685
6143
7300
2996
1059
3458
8174
7948
7198
1679
6952
7802
8498
716
7887
2262
2427
3277
265
7128
4576
135
5759
7075
5706
5143
2579
1022
5748
5845
7064
3130
7184
1881
1352
3247
3974
1094
68
1861
3823
3883
3966
3145
7693
8584
5671
4244
5062
6875
6267
4485
2795
4886
870
854
1633
5013
7398
810
300
3100
7737
1266
6554
6842
2109
2283
7087
4981
5288
7525
4547
2710
3676
4854
1338
7864
6643
849
6412
8648
328
4652
6565
1954
2232
1315
6207
8728
4190
5154
2405
2053
2003
3356
7231
4123
6102
3392
4737
428
6337
7343
203
8294
8595
5783
5256
240
1449
1017
8353
4878
8150
7889
3515
2725
1975
4512
5605
3074
634
955
6506
6653
5703
514
6016
8028
3670
183
4567
1360
586
6273
3813
7008
5861
6568
3956
6099
6551
15
7533
7463
8523
3057
6820
6132
6612
6509
5467
2477
7004
2326
1373
3915
2018
8683
3004
3049
7371
5106
660
8194
6644
8059
8689
4413
7868
2546
7954
8644
1882
6558
5725
3573
7612
5014
2568
6006
7327
1605
6130
5624
6538
8789
8418
8773
2505
1121
7234
3099
3913
5227
3579
1403
4739
7959
6925
1487
8367
6131
4908
7205
6310
2304
7684
5656
2850
719
6965
5711
7490
3812
7076
735
3187
3932
4966
3687
6474
5646
6546
2051
6853
1801
8511
2071
2920
3228
1745
5963
5416
6395
4199
1914
3352
5987
7799
8239
4653
7344
8555
8282
2779
4223
2213
1153
5001
7631
8337
576
5576
5032
6449
45
2603
3034
8695
1826
1410
2965
1841
5373
5116
4642
5908
480
504
1294
3862
229
7161
1147
1898
7731
2559
4696
3894
4428
2460
1271
8723
5746
1235
2337
736
4260
1563
4062
6419
7013
7570
6884
6953
2611
1775
3721
5462
454
6552
4205
4744
5689
2519
8446
3303
6511
1361
8641
8593
8635
6561
146
2772
4593
2601
6602
2988
2995
8488
738
7422
3447
680
4821
4088
3512
5258
5642
5358
2295
7845
449
7927
2356
5721
4740
2743
2102
5099
3704
8693
2472
7194
7191
1549
990
6962
7707
7230
7251
3852
2035
1355
5376
6756
493
2327
1181
8233
7372
708
7733
2581
3629
1653
8771
2359
8778
151
8302
4735
6111
6503
6300
2595
3800
1011
996
132
6740
6497
4608
6475
7024
4285
2450
2629
4794
3858
3157
5697
2541
6605
3773
6218
6984
3631
3299
3983
4483
3359
7127
7717
8284
382
3275
7416
311
6473
1538
1320
4929
7057
4111
7918
2847
3832
5370
8545
8572
3513
5419
1637
7740
7430
4083
1416
1035
5891
8668
2792
641
8235
4324
5213
2387
5360
4338
8190
1604
8340
7672
6036
5753
7813
8741
8071
1933
7369
936
8725
6534
5944
6335
6324
5176
7058
611
1531
2306
3968
8612
3354
8697
5108
92
1870
4797
207
5064
1697
3591
1372
252
3563
5927
3919
972
3999
2256
3695
7618
3612
7549
8637
2983
8761
1569
3949
3278
1838
6458
7082
7252
3371
6140
7449
7590
2452
3544
7110
4731
175
8685
3160
4940
4470
3126
7793
2666
3464
5044
1707
7915
5194
1701
1962
5772
4916
4523
8102
6633
5275
1780
2373
139
7250
574
7364
2218
5770
5672
4471
7373
2282
3632
3851
7310
1810
2906
278
8460
7206
7973
4893
1275
5153
8111
1949
2711
4346
8263
3250
7531
3473
3102
7548
7104
8146
6243
5589
4157
5415
5862
5875
8774
169
1273
987
1650
6045
2429
1964
2488
6500
8504
244
8647
3435
184
471
3180
2671
5158
4738
1843
6087
425
7403
5479
8507
4795
2249
4128
6873
3365
8232
1867
6778
807
8564
7175
8382
8477
3058
5558
6456
5201
8399
3602
3849
5827
6037
4519
4102
1635
4624
453
8597
8662
383
403
73
2088
542
3554
6026
5528
4488
8626
4868
5346
6142
5397
8457
7493
5178
290
1325
7440
2193
802
2012
2354
8800
4118
2204
16
1221
2788
1734
6588
2116
2338
5505
6501
7699
1217
6104
2134
1695
3995
21
3489
1115
8375
3505
4121
2529
4644
6745
360
7863
4203
1193
5198
926
439
8213
5422
3077
3323
4894
4503
2168
498
3525
5
7125
2783
2048
4233
4987
3608
2635
8042
3781
6677
3881
2235
8104
1929
2380
4258
3426
1354
1589
665
3790
5023
531
4594
6567
4297
540
5902
8805
866
6999
5465
8509
5940
2563
7860
7725
2195
6899
6115
3439
4664
3418
3279
3459
8757
8830
5898
5216
3516
6595
5586
2097
2092
4211
5251
8153
4480
228
2905
1136
4823
4862
2111
6275
3188
7924
5630
8230
81
3027
1316
452
4221
6919
7872
1979
3605
93
1160
6350
2694
7185
3285
3269
7324
5235
2489
1755
6154
4066
4172
7867
1576
5866
4577
6712
32
2900
5881
4968
7043
8600
7720
6031
1201
2524
99
6223
581
5210
6352
6733
6245
7980
5545
3724
8586
7399
4408
1096
7338
8714
6164
5542
1628
6897
405
4752
4107
1530
2602
2162
8471
3739
928
741
6907
4036
6401
5741
2181
7351
7349
4250
1135
1573
5320
3338
8215
4513
1511
5165
6815
1402
8690
4386
3012
4689
6932
5277
693
7859
1515
7367
4070
2982
4857
6086
8128
2697
728
2227
8502
5217
6064
6018
6423
4674
1506
6040
3176
1704
1524
3854
2799
5205
5747
2385
2476
7425
3248
995
8336
2550
4891
7622
5083
3482
5568
5270
8643
5948
106
4499
3754
5298
3068
644
1897
699
8143
5092
5139
2784
6892
4555
2462
8364
877
6874
8817
922
6010
4873
5447
7216
3569
8276
8710
3733
7041
3101
749
8825
6019
7139
7144
2089
966
7009
4856
4274
1551
3521
8330
1660
875
8205
7405
6705
2203
5843
369
5477
6476
816
6813
8563
4515
2070
1334
2322
856
6782
7254
2737
845
239
4384
2794
4232
202
3905
3289
7006
7728
2124
3264
5808
2395
3270
1020
1819
1592
2805
7871
2882
5789
1116
696
8086
3797
5592
8679
4777
6455
5817
4380
8124
6289
3072
1336
7667
2867
448
1219
466
4477
4208
2759
2103
7130
2877
4366
5038
2594
2020
6295
4427
190
6618
2637
118
2771
5303
7685
1242
5496
7795
5282
371
3574
6375
7268
28
2926
2158
5453
6869
3564
4755
1200
7047
1076
506
6160
7584
1887
89
7823
2659
8520
841
7055
8005
4959
3843
4044
5440
5801
26
1562
4423
6901
4350
5289
8308
5907
5522
2473
397
8095
5612
8627
4610
8441
6302
4090
5659
1303
8120
6078
5323
561
49
3753
1031
1435
911
5362
7662
6355
5472
6607
6089
3732
4178
7987
2220
303
7475
3926
827
159
8397
1753
2371
6719
1888
1243
2311
346
804
5308
2591
8496
2136
1875
2894
5445
625
783
7658
3621
3028
4098
8207
3066
598
4637
6715
41
7853
5020
2857
5982
3678
4526
340
7284
2962
8658
5259
415
5221
6103
7476
2548
3062
4837
2690
5460
3333
4046
6238
7258
3198
7904
8210
4108
3266
3462
880
1450
1996
64
6994
1057
6845
5426
2026
935
77
2858
2302
4630
888
1616
2444
4562
710
8400
7471
6192
4119
1492
2428
5411
8784
1548
590
8342
3660
3327
4434
2742
3965
3407
5518
3616
6975
5993
6635
7588
173
3118
2228
4120
3436
6827
1462
1694
4030
4939
6478
4433
6210
3007
1191
1175
6430
5333
420
7723
1716
5860
1540
7756
6859
7928
4409
5359
4259
2942
1378
1230
4020
1828
2259
5879
375
675
1282
224
25
87
6496
5010
6022
536
806
418
8383
6914
8173
5000
125
7374
7792
5776
5113
7762
6718
6762
1686
5954
6697
4646
2128
1038
3885
3419
5065
3241
5483
2419
635
7636
1939
295
3912
1145
4545
389
2572
1340
5547
7238
6469
7439
4051
1730
3964
8790
1669
6105
565
7313
5027
312
2766
8822
7734
3053
7895
7031
7996
7689
6575
4827
108
8429
2132
5604
272
8772
4778
5471
4759
4216
946
4612
2553
698
1063
6
5613
7113
8152
5304
1944
6795
1380
8020
4309
8296
7387
2234
2536
2174
1162
550
7214
407
5193
8463
2298
6186
1811
5096
7069
6974
7174
6271
6354
8131
7217
5565
3914
437
1894
2081
1434
7583
5971
4892
6359
7019
6685
1418
4164
1527
669
7835
8620
7237
3170
8645
6373
7643
1131
217
3358
7301
3061
5247
6527
1233
2445
600
4544
6926
181
601
2406
4224
6553
636
7746
5494
8453
2313
2482
6922
232
6939
349
5864
7744
5755
5922
6887
1608
3305
2150
3774
8625
8249
3274
6801
1000
4632
7211
7951
5060
2612
1090
4473
8702
6292
3991
5051
4247
2376
912
7574
4420
7299
7559
7203
119
4296
3107
1827
7804
6893
7982
8008
5778
5310
2679
1176
4602
4978
42
650
5823
7625
1043
2898
6287
4912
7290
5921
1851
4824
4760
6489
1567
5980
8314
2221
4418
8113
7317
666
2575
3310
6958
1823
4392
5151
2768
3963
6665
4884
6695
3979
5454
7479
7424
6325
4846
8797
4481
1815
436
3679
5804
4002
3284
4071
6972
7345
6048
6069
66
7850
5214
8103
7063
4522
4830
1302
8245
2839
4217
2126
2300
883
7767
4691
2989
7078
6742
1009
1438
279
5985
1977
8411
5821
4774
109
7894
3782
5039
8097
4061
4603
7056
4883
2146
7697
5211
1973
1639
933
3196
6237
7426
5648
4450
5504
1581
3193
5696
8046
924
6990
6377
6970
4925
3381
5412
7233
3093
1963
8633
1097
6194
4472
6913
2545
3690
2013
7065
904
2237
249
7097
5831
6258
566
896
7296
4411
475
3909
1675
5105
2208
6850
314
1771
1505
3177
5854
7777
5859
4685
6700
1761
8744
4129
7822
7378
4880
3946
6995
4882
8101
1504
4817
5962
1999
8138
7466
4365
3648
4468
6894
3801
7420
6344
998
2950
7089
4879
1769
7102
1383
1399
7452
3688
1509
8629
2713
3992
2483
7356
2067
4692
6389
4465
2293
2185
6088
4626
7054
4754
3136
231
7308
2919
3106
5446
2506
7468
3743
107
4552
7240
4337
2944
7030
209
5871
6191
6508
3116
7368
5026
6385
7594
3390
4539
6107
1836
7
8804
8674
7514
7956
1582
3656
4170
4517
3122
2409
4438
1484
3131
1931
7094
7990
80
4867
5104
150
2226
3669
1784
943
3868
4669
3420
7383
8394
5926
3567
7303
1046
1234
4064
954
8053
1672
1118
8760
7541
8133
4507
5260
765
4491
7831
4803
4991
8242
3644
6555
6702
3952
1386
2864
2157
3339
6260
7986
8539
3717
2701
3220
2958
1983
2137
393
442
2558
7335
7269
686
3500
6979
8745
4201
8129
8264
8403
5457
2932
1825
4122
347
1228
6649
8607
6116
1536
2657
8285
526
5685
5436
7470
3916
2447
6531
5512
1699
3972
5600
6415
205
5952
1196
6230
5101
5148
2420
1857
2108
3931
1178
10
5699
6468
5687
3258
6844
7200
7537
7339
2470
6414
4680
1295
2458
2308
769
4486
1002
4461
3610
3742
3483
6234
5704
5438
8456
3163
7817
4322
3044
3037
5406
5177
23
3073
726
6560
3105
4353
291
6614
1279
882
3397
6167
2029
2269
8650
7641
6002
7225
327
1792
2547
6934
7073
2729
3620
6829
1142
6441
4171
7790
2260
1770
7187
771
1871
2236
1
6790
7180
3092
3137
117
2564
752
4510
8026
549
2225
6465
2565
4582
4946
6674
5675
6537
3268
1241
8385
2677
5278
7798
3816
2822
5597
7195
5170
7910
3528
1168
2368
4422
1184
6157
3235
6670
5400
6818
6866
7969
386
5674
3734
1337
3821
3835
7029
4876
213
6785
6582
8090
1523
7172
5538
3376
6023
4263
7014
1852
3785
7741
8532
5195
5525
7544
1307
927
3876
5388
2836
6969
319
1909
5581
2056
4609
2875
900
2873
8255
8030
56
2443
7929
2739
6707
2375
2099
4302
8121
8352
1526
3094
5241
6338
7370
8608
7453
4855
7096
8137
7461
1900
5805
4684
3760
3434
1025
6530
8236
3555
595
8614
2651
5114
6265
7842
4885
5856
6667
7536
2271
1623
5895
2414
6780
2585
564
4655
8032
7784
6647
4996
3200
2316
4007
6442
2027
535
7053
2853
6364
3662
1249
1169
4495
1058
4059
2588
4026
4930
4836
4072
3015
7555
1917
3288
6535
864
2961
1280
308
7298
8445
9
7655
2290
778
6488
537
3417
4390
8405
4410
4045
8731
417
4617
2183
246
8310
7905
57
7365
4032
1060
8288
1728
1258
7498
1103
2112
1496
3209
4932
4874
1408
4977
803
2583
160
654
8569
8384
915
1918
1532
3314
6471
2167
3008
3378
4177
8010
4220
7477
5956
3624
7838
4983
5280
8495
4571
2848
3014
3395
8326
7610
4922
4563
5317
2390
3691
1690
893
5080
8220
7913
8087
4538
8803
6989
5829
6417
7644
7149
2626
3531
2022
4958
8421
1186
3242
7292
8624
7703
4349
2169
6623
6986
422
7632
6721
4838
1385
6957
963
8195
5621
7003
220
5584
7573
2717
1741
7681
3818
8154
1824
8814
3748
6789
195
4137
3982
8169
3492
4351
4619
3778
1455
2369
6316
2347
7624
3649
5299
4421
7007
638
421
948
6849
1705
3611
6480
8465
5777
3557
614
8123
6396
2530
71
7609
4623
6294
7653
690
7882
2011
2596
8327
3388
640
5680
256
4782
2903
6070
2091
2986
8675
6880
1225
7095
2891
72
1314
7654
5322
6928
2041
4166
3206
2777
8565
4711
8598
5526
4706
6277
4326
5468
1664
7146
3623
3413
20
6215
8297
5796
5228
8733
2084
7001
7412
8412
1517
5625
2780
1782
2349
5421
8485
700
6094
7958
5109
4448
527
1056
4728
6202
3135
5665
7391
5090
8571
2901
266
292
8517
3651
2781
1470
5407
4772
3977
7000
2778
215
5182
3941
571
3672
3086
3888
5788
7122
2693
6370
516
5815
8024
1766
4183
3432
5087
960
5146
3711
2501
2455
2355
3154
5949
1114
5619
4306
1991
6171
3000
1830
395
2154
8018
5564
7101
4974
6520
2896
6927
4647
3398
6457
5405
5291
4294
967
6536
5848
6039
3064
3129
3904
4757
4875
2844
6724
391
791
2198
2278
2075
7150
1855
3848
3935
3205
1725
744
6424
7331
4131
2892
588
5734
4688
4001
2332
6024
8434
6173
2118
2527
1835
5028
1082
7315
1984
62
5824
401
5660
8260
194
54
3309
7886
5420
5809
2065
2101
3777
5863
4618
8562
8379
35
1417
7856
7497
4344
3681
4014
5771
6376
1126
4073
8304
8223
3728
392
8151
7820
4235
1289
6290
718
7320
3898
3039
4455
5628
5276
14
5893
5941
5654
2624
8449
2721
460
5181
8519
6861
3740
6250
3079
5356
2122
2643
5874
643
79
5016
7680
8115
370
6959
7575
3091
2435
6075
1928
511
7993
6074
3471
7851
2441
3665
2605
952
5316
2329
1237
5934
5975
7702
6407
683
1588
1585
5569
8709
7201
4722
4724
4310
519
2664
416
7137
5236
6308
1358
992
1347
1170
1518
4866
4388
2718
2382
6185
4325
2005
4765
1746
4598
2117
4533
7273
7492
113
6118
3589
2938
2152
3302
5137
6980
6906
5946
4186
3442
6694
5045
2358
2761
3231
6112
8107
6767
1681
7154
6212
2301
6227
812
1098
4446
7045
8673
1333
388
3945
253
1036
8698
5433
3811
3634
1636
5261
6017
7044
5268
8696
2378
4923
1923
5720
4406
8228
4463
6576
5537
890
4394
1648
7535
8162
596
6517
2917
2073
1998
1778
4175
4194
7322
1942
3260
122
1863
6751
3829
3317
6241
3024
2411
6592
12
1290
6679
8482
6448
8474
6214
5399
1702
672
5084
1556
8479
7696
3810
4091
2923
7494
6637
4982
7759
2599
3424
3479
4475
2885
5653
8420
2135
3981
4404
3022
6081
1127
6282
1068
8568
7991
5425
6805
7354
3195
4476
4474
7732
1829
7245
8431
4016
575
1602
7265
3522
559
3716
4809
6903
3465
5226
368
7571
4374
8069
2002
5149
795
5271
1613
7979
76
1204
1030
5414
1405
6544
8583
8821
7785
7190
344
4704
2732
3171
4242
6754
2497
1277
7381
3370
7773
6666
3104
2556
5207
7596
4024
7220
3906
6362
6435
6828
1339
5835
3943
2393
2087
4766
4303
4726
6797
1620
8475
6793
5164
1990
7711
3723
6240
5739
5588
887
1866
8640
4899
394
5870
1401
5361
2243
1781
3360
957
6572
1749
8274
1879
6201
5607
1987
3580
6479
5423
6283
7510
4138
2365
7964
962
8011
5553
4115
6333
1916
892
4818
1958
6159
5437
7630
1080
4419
5598
4226
7837
7507
6539
7454
4779
8003
5136
8122
6735
874
5351
4396
435
2120
6955
6881
3962
3618
6123
1004
5501
551
2439
2475
8820
58
1950
7159
3246
372
5595
4314
5069
5906
5364
7691
1306
3414
1926
3561
7152
4251
3138
7806
6176
4969
4826
4043
6427
8404
7232
1488
7567
631
5661
8109
8575
3661
7857
313
7355
6664
218
7932
6603
2610
6738
3018
7830
95
8183
1922
3181
3152
6148
1966
5591
316
2408
3010
1267
8720
3978
1278
5786
2837
5497
2057
6991
3737
1674
6345
433
1520
84
7957
1367
4360
4139
5209
2366
2078
7517
1577
4527
2678
3020
8044
3545
4459
2019
4702
3925
2970
1560
6619
1458
8211
8158
7637
3153
1625
4745
3361
7118
4690
2622
3706
8374
286
8802
985
2814
4835
7489
7142
2976
1579
2856
6625
7839
161
280
3115
7330
2511
1624
1641
2709
4852
5417
5478
1061
6865
6228
4971
593
6908
4288
1321
5712
3001
5925
6318
5155
4207
4268
1292
8198
512
2401
5439
174
7213
1359
6030
8770
4952
834
4596
337
6100
7606
6431
4371
3637
166
7713
4195
2241
705
50
8265
3511
2045
315
6725
6634
4853
2924
4416
4313
5520
3903
137
1763
677
4424
8073
3476
3373
3048
2192
6744
5640
5559
6794
7943
3783
7754
921
1698
4897
2714
6918
4093
8065
7669
811
543
5726
7126
2997
318
4225
898
3850
2478
1129
5524
5572
6800
5070
3334
6631
7949
1615
7602
4648
7472
8518
5353
7235
8478
7164
1382
2398
4487
4954
88
2852
7709
6454
5111
6428
8755
1205
2723
145
4710
1752
3350
3674
5474
4364
2310
729
6388
2063
6482
5349
1957
1596
6672
3641
8560
3902
2010
8406
8283
3897
7878
52
1790
144
5918
6195
4236
6604
5837
3076
5183
2736
6654
2640
317
605
5638
4270
8505
1010
3428
7903
1913
4261
4780
2823
517
8055
3761
3331
4213
2607
4871
5244
4656
789
2855
2782
7177
2819
8334
971
1868
6651
5077
2297
299
1924
4947
2893
1437
7048
4165
1684
7695
7751
7955
2927
510
1508
5616
6526
7761
1995
3506
6766
1814
580
884
2400
6627
4387
6641
2077
6233
8556
1019
748
2079
1384
7429
4938
5306
2811
1478
5749
5794
1102
8149
7598
5533
1224
6411
1089
8582
2325
2240
1391
1050
5100
7503
2960
2491
423
6750
4798
6108
917
3324
5395
582
6434
5683
1475
7052
5067
3765
916
3780
4843
5488
4256
5912
8444
8269
7714
4589
2845
2974
4275
2978
2480
3227
3133
8578
6943
7312
2033
2835
8613
6812
7015
7597
2265
4078
622
335
7674
1550
3326
3990
6988
8136
3853
1342
5727
5508
3570
2423
5973
1185
3559
2998
7193
7778
4168
8458
7553
2072
2808
8141
4810
793
1638
4524
4679
4018
5204
779
3367
2279
1884
3222
6085
1379
545
1795
3762
2324
22
5951
3640
1786
5237
5147
6977
1123
5391
2633
910
2704
1599
2652
7178
5955
7828
5713
4521
1226
1803
6890
2801
4901
4784
4019
188
983
1798
101
4048
865
4273
7866
5094
1703
1414
7016
931
1568
6713
7495
7182
4105
5095
1489
4654
4698
989
2281
7736
7635
6996
1940
5344
1323
3189
671
8688
8413
674
3920
2937
1298
3784
3191
6285
8796
2394
4282
6770
4793
3422
5865
2083
1663
8813
5996
255
780
6549
5851
6704
1676
3484
3861
6747
2523
4599
2682
3243
1223
3969
481
997
4004
2670
3080
6611
8225
104
6397
7564
1580
5314
2879
4254
3148
5911
2274
3735
7458
216
3712
1817
2384
8818
2448
2272
7393
4953
5263
5930
7347
8435
331
6182
2007
5513
8759
3918
6658
345
1772
7169
4723
8548
1960
1718
8712
8708
819
2352
619
1903
2200
8346
4060
8259
5257
3830
5248
1837
7418
8768
387
3802
1777
7415
7668
5086
1054
5758
5232
5034
5610
1739
168
8448
4833
5088
2074
4550
4389
5868
2972
8140
3184
8360
4919
5250
7202
1952
6573
6802
6736
6336
2542
3127
3541
3727
4842
8047
4872
7162
2691
37
6205
5684
5838
965
7560
1395
1101
2320
8603
826
4009
8216
3029
1847
3807
8316
6569
3720
273
7743
3460
7361
5543
2404
8606
2312
4352
5754
2644
3619
6057
2345
7532
4520
3878
3701
863
740
4546
6966
8807
8594
6985
4445
5764
876
2495
4634
7011
6437
4820
5888
2824
7809
6823
2567
187
1310
929
5424
2330
652
3736
4672
4583
6788
6432
2086
4330
6638
3524
8287
6731
5089
5341
1906
6854
6532
1629
5981
5117
2139
111
4934
655
6993
2328
768
1452
307
6144
1597
8204
2031
5330
3396
1510
1202
490
1172
7377
1503
2407
618
5858
832
451
941
6391
5670
5792
1161
4077
2959
6646
2925
7616
5145
1014
6178
5190
3817
5427
2159
33
1406
8734
1586
5877
7106
7157
6615
4096
1247
4904
7739
8653
6348
4762
6425
6601
6049
353
1256
5814
2660
6276
4505
3645
7165
656
4697
7070
1070
3097
2481
1806
7428
891
7614
3353
233
1426
3873
7586
2617
7085
2604
5055
2689
7033
7227
1447
7401
1497
1388
6896
5212
7295
222
825
2090
661
577
8740
8619
5408
2292
7692
4277
5798
6166
2374
4941
2590
4804
1908
4746
2412
1001
2802
1907
8083
5066
293
2728
6616
7176
7678
5644
7474
455
1464
376
3286
469
1740
7121
2037
4265
7328
788
7601
8323
6399
1534
1936
5978
4575
245
153
8551
2817
1122
4643
6440
7772
7271
3307
7501
8684
1499
2361
6533
6557
2082
431
7676
6063
8176
5919
4829
3633
6513
1411
2520
459
1079
524
8325
3399
3988
8747
4132
8221
8075
8166
7558
2584
34
2531
1927
7735
8605
8765
958
270
685
6198
6956
5329
8752
1513
3933
5629
3453
6964
4861
6749
4086
1971
2889
6905
6309
4189
6304
2943
2211
5192
8566
4560
149
6014
756
8348
5965
5140
2949
6400
8110
7270
3833
4385
2094
8292
1077
355
6806
1714
489
751
1042
2036
6779
2315
1239
450
3839
7444
6570
584
2350
1783
7119
5229
8132
5455
2849
5075
2649
3143
2055
1276
3124
7199
6840
6034
4569
59
5141
2641
2636
6358
4769
1479
4085
5074
4500
5910
7529
2915
6326
2252
8590
2580
7582
4075
7683
3598
2173
7911
1804
7638
3054
8144
6521
2130
4870
3290
558
1671
7770
3389
6083
380
2994
2663
7346
269
1208
2537
164
3548
7521
3792
6876
8350
5482
5334
1533
2059
8332
2276
4933
8217
3033
8724
6699
8596
6917
4054
5036
1649
8791
5999
1107
5618
294
1832
859
2151
4079
5634
1603
5571
4284
7256
3026
607
1109
4369
5404
3069
7526
3059
7547
6264
1428
8266
2303
4399
3
7881
7557
3499
6838
5409
6498
200
3583
7815
7984
282
136
8660
4407
6923
1318
329
7079
4124
1972
7766
7485
547
1864
1195
406
1341
2774
3490
4903
4701
2100
4556
326
74
6125
456
6357
6251
7388
2125
6134
8341
2253
8489
5886
2015
5350
4035
3011
7791
4960
4651
6515
1667
6032
6444
6933
2372
2681
8451
4245
7989
6232
7274
2335
2854
5991
464
6366
3831
4336
155
4317
5134
534
5897
1713
4342
1476
5368
8082
5366
6640
8339
1498
210
379
6422
662
4304
653
4222
5490
7431
7285
6688
2676
2592
8222
2661
4915
6864
5354
3159
271
8632
8170
4534
6518
5876
2810
4633
4531
2763
1012
747
8706
1607
7153
4914
6693
4785
3172
4331
1215
8462
7800
6247
3844
820
2684
3349
2039
2187
7729
2138
7117
1188
6467
1006
6726
6119
8145
8416
1180
8750
4301
1528
5556
7134
4362
1794
6885
3273
8801
4451
3236
5273
6015
8480
7092
5410
5548
1210
6221
8526
4290
8547
1785
7595
6978
8438
2820
4063
3404
4902
1564
6398
6675
3698
6372
5566
8116
5002
3341
4682
2261
8241
3609
6077
8389
2247
7556
3936
553
1558
6507
3016
753
3921
7603
6833
7965
6222
3523
65
4147
6598
3891
8726
4484
2504
1956
7411
6816
5493
1544
984
1165
647
3423
3481
8468
7538
5615
4192
4553
6839
7037
2494
8601
2434
8579
2291
3391
3207
2747
5686
7852
776
3827
5635
7935
3944
3887
3770
4658
8329
1981
47
7922
8117
2062
3322
7550
7897
3501
6851
4117
1140
1878
7788
6363
221
7983
6487
2196
1049
3767
8160
2418
6319
5958
6944
4629
7291
8171
4403
1130
2872
4681
7782
1937
1848
4636
7358
2904
7038
8219
8234
4708
5252
7879
2985
4645
5688
8729
3572
2263
69
1039
4241
5506
478
7554
2683
4805
5667
7215
1961
5324
7999
1459
6436
6831
2540
6106
2650
1148
2916
6382
8486
2863
3628
1074
4432
3494
400
7189
7821
2776
8794
3917
4372
3895
2250
2238
1865
5707
2618
5820
5849
5025
7565
8312
612
7687
8549
3457
2685
1272
6418
5938
4106
7208
2194
8786
7297
6701
8544
1601
6862
330
2030
1842
1856
7357
8307
8540
7272
7259
1901
6945
496
8500
591
1182
5555
1424
4984
1662
6299
1264
3276
7040
4005
4907
3529
4572
1164
8736
411
7786
6543
1454
2471
6915
6579
3042
2503
2215
4204
8347
4694
5413
7774
3986
7539
8009
681
5125
2738
2934
4161
6262
2790
7093
8715
8209
4492
6162
2646
3294
5056
1708
1198
2110
4101
4716
3316
7443
3996
715
3535
2437
6868
2468
6259
5774
7988
8410
1800
1750
1209
1619
7627
2751
7819
1717
6946
1738
8333
833
1590
907
2569
1246
1075
1880
2076
4964
2883
3071
0
5639
3741
4193
1507
6027
4227
6639
2642
7413
839
6371
7163
6188
6757
3224
7098
4291
7091
4176
3467
5816
1721
4990
616
8254
6948
7246
5301
154
3527
7457
7892
3328
7780
6459
3798
116
3630
6783
5647
6900
6374
3312
3824
8491
2085
4962
7865
7862
7520
6678
2188
196
6720
8058
5623
8168
127
4436
3408
761
7071
4343
4749
1095
4601
6621
838
3954
1495
6632
5054
5053
4321
2831
4198
6462
8616
134
610
5728
6951
5909
3795
709
2254
6152
7626
5943
5463
1422
1442
1124
6711
1346
2415
5120
6505
8309
1691
7241
1651
458
1248
6155
363
3415
7221
8244
5915
1084
8775
8161
781
310
7976
8251
1774
1883
2436
5476
1053
3109
3820
1920
4253
2500
7787
2258
2277
3452
1566
7247
624
46
1112
3826
7666
6067
3409
7712
242
3032
6060
1951
8092
1284
3051
8469
4142
6860
3686
1158
4426
6061
6172
2069
548
5392
3433
6950
1692
2533
2785
7909
3766
4425
8369
3308
1078
3486
6652
7115
6775
112
1722
8622
7546
3364
3446
6041
2202
6311
5769
4548
1466
4568
2887
5142
6219
5812
1493
2731
7263
2190
1024
5570
4405
4412
6645
465
8126
4125
2793
2066
2333
3517
503
8573
31
5267
3199
1805
3219
201
1943
3719
3179
2609
3402
4493
297
7051
6879
1720
2758
2044
4151
799
6630
3997
5191
8652
1207
1895
4444
2197
4358
3006
4160
3635
6912
7974
1460
4729
4029
4281
2307
3600
3375
942
4345
604
2606
6450
5664
3937
5544
7166
8105
988
4707
3751
342
2381
6446
742
8587
4720
626
689
3700
3879
3461
1609
4298
2543
5297
8370
8361
986
5432
3509
2686
5174
156
8006
325
6406
8824
2052
8694
2178
4074
5834
8611
6153
5632
6541
5206
1547
5549
3581
2890
4808
70
6141
1013
7981
6562
7287
3960
2980
4021
1748
3468
3213
5300
4796
2748
3443
4850
1859
4719
351
3708
1183
7585
7304
2093
2566
1093
3230
447
3955
6949
6000
6566
7901
3259
5970
6676
1553
1570
5035
687
7307
2700
5914
8127
1335
3657
6093
7160
4347
8401
8432
974
7266
5846
7120
3643
1143
3705
5321
1430
7407
3167
959
7186
1419
1764
3262
6983
1645
7659
621
5374
7257
8076
6297
5242
7900
8735
6809
128
4214
4295
4622
2746
4449
977
3416
6743
39
7551
7496
1262
4231
1194
8038
306
7613
7326
2363
1344
1432
6692
7916
5037
6481
6249
5315
6628
5715
5061
1192
53
5078
7039
484
5582
2576
8315
1921
2554
7938
3796
4732
5203
2009
2141
1113
4146
5050
2699
5779
1332
4156
8
8165
8256
7599
3382
2869
178
3348
3440
5196
2716
763
7698
7660
8275
2314
3363
7456
3469
8393
7917
2222
5596
171
8542
4832
6453
8093
814
8681
6381
2828
5401
6571
5343
1220
3961
6187
8665
872
2129
5068
3592
214
4110
1525
5202
3393
3875
737
4693
7181
7502
1565
3043
1253
5990
1420
8218
4860
241
4949
7123
3351
7593
8278
8114
3394
1735
8080
2526
3671
3924
2367
170
5743
4889
1257
409
757
6804
8554
3377
5692
3538
7389
4027
2907
8758
5894
4621
2767
1329
4800
4393
5384
8391
4790
945
7459
8651
4869
7192
1062
8068
8481
843
7675
1591
3804
6149
8130
4148
6935
5681
4068
185
4586
8089
212
8499
5626
8019
98
5883
4640
7288
6443
6393
5286
4607
5998
6858
3510
4305
2046
594
7483
2025
4714
3336
6261
707
6047
6095
7286
7212
3208
7027
1023
8324
5577
1946
4661
4357
8172
4665
5828
7884
7827
1632
6213
7542
5003
6886
6122
4828
7280
6071
3095
4266
8212
8409
5431
5489
6680
1873
5160
1348
6817
3534
4099
7397
4430
5765
7034
3255
1535
5924
6028
1197
5708
975
7848
2990
7348
4184
613
3596
1985
982
6225
6895
8810
6203
6052
6403
2956
1618
3682
2270
6066
5968
7771
3864
8139
8649
2389
979
6079
4097
1433
5006
361
4956
114
6003
4188
1891
871
2006
3456
2560
3617
5293
6660
6051
6936
4006
500
8290
2318
720
2562
3146
7939
809
6196
3838
7446
3866
6189
8561
3480
5561
8743
3750
5935
1390
4564
4442
8156
4975
1443
1480
1733
96
3546
4299
1327
6514
5325
5461
6659
8167
8187
905
259
6042
1953
5378
2557
2054
7920
7248
5797
7140
1473
1026
6578
8543
3776
472
2899
7515
3980
2861
3256
3709
5551
336
495
7267
1218
3923
3466
6525
7114
8388
7705
7844
8541
5012
1948
8535
1086
4109
777
7941
3593
3084
8396
483
5972
969
8512
3472
7814
276
2319
7914
7277
8812
617
7447
2745
4509
396
3438
3938
1163
3655
3696
8508
1128
1396
3530
3271
8031
5913
199
5159
7179
5347
176
1969
4182
5742
2940
6329
4230
7818
8567
5486
4460
3475
937
404
5839
8186
2182
7925
6729
8027
5484
5872
8756
3083
8705
7677
6748
5128
3383
7843
7673
6169
4604
2910
7607
1945
3725
2142
3707
7129
3973
4931
4169
5575
8494
528
8270
5041
8078
4141
949
3664
1693
6226
8298
2807
5702
5129
1654
7281
4133
798
2498
1364
4015
6466
8004
7912
5666
3601
7173
2587
2878
2945
5339
3668
4927
7946
374
3867
5988
2397
823
3597
263
3197
1151
6852
1600
552
8398
2023
4781
734
4848
1427
4557
4246
3793
7341
1655
5342
3119
8094
5652
2841
2095
5167
3330
836
3335
1779
7589
1640
1350
7136
3984
2654
55
124
4034
4206
1709
858
36
1552
2096
8678
5601
597
6663
1311
8371
2060
4308
2707
445
7898
5811
3357
1812
8436
348
6882
1345
5959
8585
3794
4541
4900
4058
2929
7794
385
7088
1731
4348
2881
1381
7239
6404
3214
6796
8742
5737
6120
5673
2104
3379
7523
1463
2775
5022
6784
6761
6327
3901
784
8538
398
3013
2977
2403
7478
2992
7883
3067
555
5899
5380
4272
3779
6390
1100
5004
4727
7103
7282
6771
3939
8672
5166
3594
5389
5945
285
1930
5208
8609
6483
11
2688
3947
7417
3577
6206
4995
7020
5730
4397
5365
7994
1238
3759
6082
2658
2939
6830
703
4479
1005
3120
6021
2735
4578
8764
5233
2431
8487
5307
4237
5509
4398
5832
1072
2479
5620
8691
8057
1322
2147
3254
6133
894
2164
8029
3951
5916
7499
4104
1626
6609
1711
851
8766
365
1099
4055
760
5503
6098
1481
4948
5766
2744
2229
1369
6365
3595
508
2416
2050
7947
6824
8013
4158
4229
3055
8522
2285
2620
6710
5636
6960
2730
4802
8636
5947
4841
140
3693
8343
8521
7686
4033
5724
3164
7090
4255
5567
338
3023
2840
5782
4052
6254
2040
3613
8179
5144
3520
6305
5169
3893
7524
2199
4705
5231
2346
3283
5224
3272
381
5705
8730
1446
8074
4501
3653
1978
3908
5385
6997
7306
7264
4747
105
5441
4212
721
2789
8227
1376
5920
1932
5540
4918
7017
6584
1174
8783
1085
587
4402
4307
5977
332
8592
8639
3755
3503
339
3519
1661
1519
2244
7108
5200
627
4316
8200
5225
6485
8781
7682
2734
1429
6708
206
4528
2552
3731
5093
8246
5296
6722
4113
487
8180
5780
3318
525
1263
5819
664
3840
8247
3571
6857
2217
1313
1052
8016
5650
1905
1595
852
1833
5452
357
3144
1543
2589
7141
7099
1756
7419
961
2343
6312
8037
6577
3108
3038
5253
8063
4748
2264
3558
204
1652
7950
8066
6464
2043
676
7621
3485
4417
6409
567
609
3056
4926
8007
7661
1768
3175
5691
4616
2331
6769
7563
5716
714
773
3975
2410
8799
4155
583
2469
6746
1440
3441
7869
5130
5992
3890
3491
1646
4686
1846
8654
822
8776
2786
4831
3149
4329
3496
3715
5040
6322
2514
3320
7639
5464
4200
7183
3971
1467
5510
304
8203
7410
8704
6320
6599
8525
8402
2668
2749
3560
6146
429
5327
5171
3234
7628
1134
5072
3047
494
3757
7592
2955
470
1028
5631
2613
5579
8067
29
2521
6020
7359
2
1108
7255
7451
3218
3194
3444
5942
1423
3768
8447
7109
2935
8669
7279
850
4017
1807
67
6288
7679
462
1677
8467
2348
1216
5931
3884
7651
8098
1773
3211
4815
1398
3806
6941
3113
1156
3089
6113
3787
3470
973
3132
4700
853
130
7131
7807
4999
7319
5187
2930
4709
3281
2284
5627
8106
5387
2897
7408
906
3430
2866
837
4676
324
2544
8358
443
6470
5649
3799
1152
7605
3667
1545
2999
3910
3758
4536
7170
2888
6822
562
7600
5762
5480
5529
8686
6009
5443
3855
225
518
6114
2286
754
8621
8782
3139
3245
4943
950
2815
192
7218
6819
1133
8557
8189
5840
4095
3313
8197
4039
4462
2287
615
8722
5694
6760
5180
4970
8559
7066
6587
5073
3125
8581
2797
2459
7663
2257
1678
1117
2148
758
2440
7810
702
868
8527
6029
8072
3533
4839
4898
2340
1141
7998
8700
1965
1125
5574
2231
152
2741
6244
3261
7812
7522
1989
2549
5655
5218
8497
7309
7207
2680
6321
6870
6197
4673
5434
6011
4928
4613
4662
766
4234
1324
4377
1858
7491
1726
1041
4454
6961
7816
2386
2201
5790
4153
6211
3111
4989
4383
7634
4942
2442
4840
1144
8788
7840
2846
8806
8506
7906
2570
3217
5693
2364
4355
3675
148
6574
463
7750
5305
6910
2724
6235
947
1630
5587
6416
1670
3151
7846
7640
5429
873
6073
1444
3141
5132
236
5048
2323
6097
8577
6826
732
4049
482
4671
3498
8311
7527
678
8529
121
3237
7316
5173
8271
7579
5698
7486
4447
8732
4031
557
7670
8439
8313
3507
4498
7952
4581
5063
1291
3957
599
5887
1911
3366
5396
7890
8064
4559
3976
2487
5097
3216
2465
3162
2499
7204
8717
6170
8721
861
6590
3636
373
2803
7615
2502
298
6563
3815
142
4315
668
1104
3502
695
7321
4328
4240
1959
4497
6056
7721
6504
993
4715
402
3872
6657
1021
2068
4276
746
2433
5825
3226
2967
725
3477
1657
6755
3344
2535
5994
1885
461
8015
2720
8452
6967
5500
1587
3771
1767
1757
254
7379
4770
7749
6540
2388
4913
8443
8433
6138
5156
2484
6340
1029
6502
6128
808
8754
1472
7481
3161
5007
1799
1415
6090
5539
6878
4670
6728
6973
7907
7724
4218
3865
8054
1542
3730
6139
3562
1368
1351
7561
4094
7395
5677
800
2463
38
7841
3063
6413
5773
2865
902
3542
713
4865
8811
1869
6361
3553
5057
4478
5775
1559
6298
399
3265
1375
730
1265
8828
8676
2149
6341
6360
5515
5033
2430
3142
3703
8777
6317
6126
7362
474
6528
7508
2966
4712
5983
1483
8268
283
8642
6421
8466
5046
8060
5932
1715
4703
1982
8657
3896
2191
7133
3215
2838
3814
6248
4863
103
5318
860
4788
7105
1407
828
608
5312
7876
4973
40
7995
5451
3625
6209
1132
4489
6253
7578
8763
6921
4950
7926
5348
1947
3387
61
1212
2421
8753
7985
4375
5516
6620
8002
5695
6307
1159
8719
3114
6351
3052
97
1889
4525
5112
7726
1055
829
4532
7302
560
8576
5637
5403
8510
1886
3421
4047
5531
2947
3082
4504
1482
3658
1412
5017
8618
6556
5245
6992
7488
2614
1187
2656
7394
1840
6046
2921
7219
7380
5331
2518
6342
4574
7648
7568
899
3253
7366
1862
3722
4050
4149
1251
6080
157
6386
6998
5337
8634
5719
8250
1252
2379
3713
3223
5884
5622
7858
2708
1453
3699
7427
8036
2687
1818
2968
1656
3749
6231
8045
3729
1092
3604
1988
8617
755
1541
4400
6764
4687
5923
3834
5658
2032
4972
251
5234
4038
5842
4467
100
1516
8515
4041
4367
6383
2538
2493
7763
7262
8291
3552
4965
770
3647
1529
2299
4570
3756
4466
4464
3886
1269
2233
5793
4082
4494
2490
8716
3325
4506
5976
895
8100
2918
497
1071
7888
7151
6624
727
6714
4011
7352
4786
5015
4631
8023
970
7854
2862
4611
3680
6987
5722
2223
1776
3599
3165
8355
2931
2456
867
6836
7656
556
8062
1389
6177
2242
8357
5880
3537
1081
5243
4859
419
8202
63
7249
4518
1762
897
5098
3959
5189
8711
3987
7423
6737
3953
6072
3744
2631
4202
8677
7409
2981
1296
8331
4439
4763
7334
1287
7448
1486
6682
8321
7604
6279
1149
8656
3929
7748
2673
5150
2449
1139
1362
2868
5197
5222
7944
7059
8049
1839
3332
5122
2163
7700
6246
3081
2246
8206
6349
6656
4252
6293
267
2432
6883
7765
7100
3249
3021
1849
8034
2399
7229
3775
2105
4945
3788
1177
5939
91
8514
8279
6151
6101
2230
3233
1047
5514
4271
3539
468
6825
7469
3337
1319
3050
8381
8687
5335
438
3652
1343
3166
179
6803
6608
4993
7885
5371
8299
2969
2880
2860
4677
358
8048
570
533
2344
8079
2975
5379
7289
4150
6332
7847
8748
7442
8338
3836
5475
5593
8261
3958
8012
1938
8088
6559
1850
7467
1935
1157
1512
4228
6636
3410
1370
8534
4441
5345
3291
6494
7953
4561
3295
7005
238
2578
302
275
8178
1166
2239
4537
7143
6158
980
6661
8574
17
1904
8320
2451
2038
6629
2669
8373
3842
8533
1666
491
6902
2391
5313
796
3970
7664
334
1394
6696
4185
7460
7167
8623
2522
1255
4845
6236
5795
2214
2362
1809
7022
4143
4210
5892
6550
7642
5519
333
5031
4807
8751
920
3726
8349
2171
682
6810
6190
3663
6274
5710
578
2733
8454
446
4437
350
846
6916
4130
5188
6217
6068
3863
2813
8335
4363
1309
818
697
1357
2170
5928
5219
1682
1138
4565
8155
2895
5240
6084
8395
1522
7337
6510
513
4535
7908
6898
5499
211
8077
6091
7376
2812
8646
4332
3809
4354
8362
4191
110
6687
8164
4144
3575
4458
4238
1736
2289
4057
6379
507
1468
3841
628
8368
8061
4895
939
704
1712
7619
7023
5803
6380
6408
5709
6597
4219
4003
305
6165
6050
3150
4566
1687
5021
731
7226
2512
5590
115
3697
163
2765
5729
6315
4819
817
7276
5997
8408
2698
412
6786
5602
8175
5984
2648
6777
4905
7896
7314
7035
2539
7421
258
6183
261
1111
3369
6940
5936
5896
4628
3140
633
3182
824
759
7742
4415
8345
3244
5844
4620
1300
6239
7242
7824
6263
4549
3989
8501
3948
8808
4239
4951
3019
8085
733
486
6781
8248
7753
8365
1919
2016
3659
8476
8739
6291
4092
1732
3385
1501
5473
432
3692
4159
2123
2672
8366
4992
5967
2176
3603
5560
2571
4529
5393
2017
3321
5357
2413
3287
5071
4
5903
7107
953
6814
7919
4921
7506
5550
6387
3096
7482
3638
6025
3221
8795
2753
2876
1700
684
694
5744
7710
1203
6716
4379
4540
7061
6280
1993
499
7962
2951
5869
7880
3405
649
8286
5668
8615
4742
1305
6709
5492
2619
138
1617
4649
976
3252
2339
4028
3763
7757
648
5791
1064
6847
7776
6698
457
8240
4955
8531
