282
485
467
329
877
720
686
664
815
579
761
480
197
181
465
400
734
541
573
782
408
214
704
711
153
625
6
163
675
22
154
265
676
612
3
790
112
180
167
1
607
189
649
810
518
66
667
114
741
97
439
289
41
130
368
98
827
361
458
23
462
881
493
55
558
288
377
376
611
622
280
713
242
568
353
745
179
602
441
372
87
643
349
155
270
69
129
201
420
239
74
382
70
434
446
338
342
527
516
99
176
187
341
222
140
274
68
109
145
31
72
122
362
92
8
256
552
233
14
232
85
21
355
170
631
522
60
735
692
32
88
175
257
43
113
221
144
750
7
290
27
544
95
671
310
194
56
339
138
94
33
655
405
172
312
452
124
250
277
321
693
393
364
781
683
489
149
427
318
317
77
320
811
578
137
621
345
397
448
530
696
688
752
619
303
837
665
635
251
271
2
293
143
291
838
401
67
444
662
528
199
740
371
545
335
356
727
424
888
871
348
615
403
450
723
442
593
591
93
501
756
390
893
822
168
816
614
316
703
429
457
359
268
477
295
606
519
328
258
76
326
57
228
426
26
272
157
464
177
266
564
672
276
550
682
142
28
433
509
235
728
572
336
262
586
455
203
323
637
763
482
191
430
709
244
484
512
296
721
537
570
666
375
540
127
561
200
481
5
255
36
381
451
553
589
494
788
399
706
287
139
543
690
548
492
198
211
422
487
107
218
59
260
42
584
45
40
110
116
158
105
86
128
302
11
173
186
358
117
100
18
183
279
46
118
497
650
224
195
104
243
148
285
48
468
182
490
524
264
134
659
324
443
642
297
234
459
78
213
184
472
739
747
627
119
700
415
831
398
267
453
599
555
729
44
209
628
500
557
365
432
646
79
39
230
307
188
407
225
152
369
507
161
872
658
471
546
785
75
535
416
601
299
418
435
47
125
423
866
65
58
332
208
178
698
192
190
653
808
469
873
126
354
373
807
121
409
710
515
238
749
864
410
865
836
347
852
306
783
850
878
789
605
802
4
132
701
644
875
576
774
825
792
689
603
259
889
636
618
748
806
539
514
156
799
610
645
887
670
673
120
366
849
583
581
803
585
765
20
821
691
62
15
413
304
571
898
861
275
844
801
333
38
780
899
679
677
857
654
868
560
384
828
724
313
367
860
812
594
835
841
777
641
510
278
463
542
732
712
684
308
862
565
498
81
846
870
719
847
876
428
804
491
708
842
746
759
891
731
880
845
629
853
892
652
867
851
814
661
743
461
776
600
9
771
778
351
848
755
30
630
526
569
882
474
488
829
817
818
286
608
253
722
212
813
106
714
793
769
563
820
647
475
718
425
787
404
533
146
298
894
809
210
680
389
231
839
805
305
379
502
245
185
162
726
215
833
638
322
325
261
391
35
54
760
283
633
412
454
386
620
334
883
534
80
725
223
604
216
207
449
294
766
378
52
240
517
531
53
757
394
227
246
445
460
859
616
352
131
551
343
360
340
758
886
795
421
350
344
411
483
657
101
284
632
220
574
431
896
596
135
159
165
388
730
754
798
674
775
580
598
566
315
273
300
436
229
417
96
520
84
826
640
396
556
73
63
495
254
414
111
525
549
538
160
503
438
751
768
292
511
855
10
478
380
319
897
885
784
532
624
269
241
499
639
770
587
823
800
395
466
133
869
832
687
843
337
884
663
895
797
559
764
742
217
206
648
834
89
753
613
24
668
879
840
577
738
19
695
762
406
772
796
794
678
575
779
685
447
247
476
506
504
102
171
479
705
204
346
715
819
174
773
609
331
440
523
249
717
196
166
169
634
202
656
34
51
263
50
617
669
513
226
311
16
856
281
697
385
791
529
437
567
737
108
402
521
505
588
786
147
694
357
660
71
123
486
237
37
383
716
736
554
890
733
473
595
767
330
508
150
363
64
547
115
858
29
193
597
854
236
562
651
744
219
582
248
830
12
83
205
25
0
103
301
61
707
252
387
82
702
374
592
151
626
49
824
863
90
623
874
17
590
681
141
13
91
370
136
456
309
496
699
470
392
536
419
164
314
327
