479
214
689
831
5
242
894
237
897
641
355
882
170
558
385
348
579
823
887
550
811
852
876
630
498
589
483
626
712
816
504
406
304
562
519
231
333
290
722
216
256
302
676
463
390
341
201
411
461
440
624
542
259
239
399
312
126
422
485
127
792
593
870
428
320
634
328
687
654
316
756
637
169
855
130
319
363
672
118
725
375
324
120
838
580
707
21
210
750
69
830
878
362
432
398
119
602
374
523
87
616
33
76
871
489
149
2
138
578
786
698
571
711
776
95
38
628
706
243
601
895
29
795
75
9
337
699
77
889
678
726
384
828
226
879
532
753
700
356
605
464
812
371
423
131
46
607
809
898
42
891
351
862
493
147
748
505
480
652
796
267
714
664
799
781
536
512
474
181
563
430
376
805
836
627
472
380
291
647
741
651
847
154
764
342
396
730
279
211
858
686
854
557
574
770
848
588
857
873
518
749
14
495
59
875
606
822
791
780
833
775
683
841
807
896
531
618
117
135
619
692
716
696
659
653
61
867
632
804
728
553
421
849
638
705
250
759
736
646
261
613
282
740
177
610
281
821
723
761
671
583
582
880
644
666
560
467
662
420
450
439
454
415
788
293
275
814
251
20
260
790
58
193
403
19
695
445
845
455
365
383
60
872
501
864
416
433
469
818
62
182
65
820
868
737
417
747
253
499
680
478
860
497
300
31
222
294
658
194
317
819
323
572
631
603
156
164
180
684
395
573
23
142
280
834
778
238
881
315
742
98
27
345
545
358
94
758
629
886
757
679
462
111
203
109
449
217
287
178
90
107
44
446
339
105
564
74
10
307
141
635
213
132
4
650
17
515
798
693
496
366
859
305
448
306
255
332
673
565
163
187
546
388
444
567
308
125
286
494
642
314
79
492
7
197
521
145
30
219
338
196
106
139
103
520
144
175
92
101
392
715
54
524
204
344
264
473
157
352
331
220
86
22
25
311
617
100
114
325
292
393
43
426
643
56
547
640
755
3
104
694
596
826
636
691
670
535
552
584
675
368
869
502
223
55
525
347
779
529
835
0
702
800
160
665
299
296
825
437
199
763
777
745
793
471
832
541
271
703
470
322
487
212
36
357
677
115
336
794
746
785
232
773
767
731
346
434
268
817
765
456
506
752
840
717
874
225
751
309
883
168
303
586
516
615
500
625
697
173
318
41
621
570
733
96
893
645
134
285
772
806
611
373
241
783
360
468
425
143
246
6
522
843
133
604
801
511
594
760
258
262
575
709
540
844
609
590
555
402
11
370
278
32
442
457
407
257
599
151
431
660
612
561
581
273
614
82
534
458
401
28
556
123
865
404
13
78
410
50
789
888
735
743
369
236
113
377
429
12
378
188
509
436
265
595
186
623
447
350
48
829
288
503
510
771
40
367
551
198
622
84
91
202
24
166
172
544
655
335
620
414
459
513
839
591
768
205
797
354
674
359
270
274
649
229
179
83
72
8
577
192
128
129
71
295
51
310
481
171
441
491
230
708
233
148
70
327
116
140
476
153
112
329
89
39
218
549
334
266
81
206
559
209
110
720
80
167
598
353
191
349
682
639
121
176
208
15
254
26
419
669
813
394
724
159
235
340
851
732
289
685
837
738
688
35
224
99
528
122
57
158
803
382
52
240
102
221
183
690
600
195
155
326
391
739
343
298
277
18
161
244
427
663
769
424
452
88
66
389
272
67
165
527
585
64
543
136
657
249
884
853
85
313
297
451
488
276
486
466
413
668
386
719
379
633
810
538
508
477
710
49
507
252
152
460
330
184
484
718
713
568
490
381
465
63
405
435
827
150
704
453
47
227
200
16
284
137
530
661
856
597
526
608
766
846
438
387
877
189
412
548
228
409
566
648
576
361
808
400
234
364
97
93
554
787
372
418
842
248
146
321
861
815
397
667
587
34
475
774
514
174
37
443
892
1
283
185
729
245
108
408
734
215
824
124
301
681
269
247
190
533
802
866
899
701
890
727
537
569
762
721
784
207
850
592
754
53
885
482
517
782
863
45
73
68
162
539
656
263
744
