134
118
290
186
112
275
128
93
115
276
166
10
288
121
7
84
104
170
67
17
241
35
292
46
297
271
224
201
8
130
256
68
282
199
48
298
117
2
183
252
214
228
263
65
126
274
95
45
255
185
251
25
217
165
295
138
229
182
296
105
250
264
226
19
234
32
192
136
114
71
148
284
31
79
265
129
267
107
179
141
173
277
76
225
94
50
40
187
280
36
191
172
223
9
53
73
49
159
75
262
4
291
213
268
244
5
58
247
100
208
246
41
219
37
218
12
197
29
61
28
82
145
38
203
102
149
66
132
209
51
242
283
101
266
98
259
189
23
113
157
167
16
212
64
20
236
133
285
125
96
198
85
44
52
24
239
142
216
110
120
207
289
237
281
270
151
205
160
111
63
222
70
109
139
176
6
43
155
293
1
278
106
178
188
0
177
254
169
180
287
215
116
81
69
144
202
39
158
249
74
204
103
210
33
272
55
15
47
248
90
56
243
137
78
34
21
156
164
60
80
11
181
184
127
122
261
119
14
257
54
97
108
231
232
240
245
87
294
194
235
206
26
62
30
196
99
230
211
193
152
13
233
143
269
72
227
147
174
146
57
135
162
168
279
92
91
89
124
286
195
154
140
258
3
253
221
171
220
238
190
150
131
175
59
161
86
153
273
27
200
22
77
83
18
163
42
260
123
88
