3177
2307
1982
1357
1340
911
3642
3244
1345
1941
3264
543
3089
2250
1745
313
1075
3556
405
1977
2471
1216
1126
1902
1392
597
3550
3000
1418
355
3347
3814
3944
1355
3897
1442
2556
3015
2571
2220
918
210
604
728
764
2853
401
2437
2954
3581
827
1623
2863
1038
276
3640
723
2467
4010
3845
1282
1645
3952
2032
4011
1529
1293
1740
698
2422
3549
2521
708
2124
2511
2066
4039
2305
435
2209
358
3422
1784
1475
889
3274
3358
361
3188
2184
3368
1813
837
2545
3121
2802
2625
1859
704
1965
2683
2368
2586
109
2022
1236
2621
1001
3169
269
3776
2361
337
2794
1686
1499
957
1027
2856
743
3833
3599
3201
3881
2972
1123
2982
3925
139
3781
3237
2961
3329
445
2763
2260
2688
3666
1940
1476
61
127
3256
1685
3526
3350
163
2337
1738
710
1194
316
3489
82
1787
3340
2385
58
2445
3622
1722
1550
2681
1928
2861
4068
2932
738
1905
95
1035
278
1289
3192
1733
2554
943
2950
1224
1348
981
2201
2078
627
2504
2416
601
769
3645
1214
821
658
1333
3874
3779
3724
183
2129
3752
2028
2034
3615
1147
44
855
819
18
2649
3628
4001
619
3497
927
3741
697
1580
2430
238
2991
3203
1215
2409
2988
2334
2989
2216
1800
1209
3646
2733
562
3270
1767
643
279
4081
1967
1139
933
47
1181
2691
1465
1342
3797
59
737
1583
3411
735
2623
1155
2316
847
1212
2978
3709
1108
2531
3796
926
2360
507
3757
1870
267
3715
2901
3561
3981
532
952
3958
214
2348
1248
844
2069
1702
856
2039
1227
2727
2607
3819
2487
1652
947
1307
487
768
2461
3580
1595
2765
1341
1693
1646
2634
3681
2339
29
547
1241
1185
3271
1358
2884
3813
2421
1630
3396
2668
1776
3690
3461
2037
2754
3200
1046
181
3125
1989
2161
3802
3342
4034
881
1546
1737
2242
1443
521
2497
1792
1195
1440
3892
185
502
1497
1906
1217
1597
4047
3375
636
3353
3870
1308
1039
3887
2852
1162
3976
2177
765
3698
3393
3029
1662
1637
3025
2776
3541
2975
2432
1760
1259
2286
3401
273
1599
1321
696
689
3684
1882
3053
2888
1403
2640
166
2417
351
3527
588
3535
1420
1448
1871
3178
2496
1091
1860
685
1458
682
1119
2644
966
2705
3304
1978
3502
2366
2478
2845
2244
2815
289
1990
1696
2696
600
2131
417
4077
1543
414
3591
3700
814
1701
2377
3170
2226
2808
3068
3258
2719
1753
483
2704
786
1846
806
3235
324
2712
1554
1837
149
726
3060
2291
3202
3702
1163
3836
3093
2153
3793
1801
1806
1763
4015
3896
2020
1455
4071
1657
2006
1739
2583
929
4057
2996
906
1624
1461
4080
116
3875
1851
3997
1444
1671
1677
1135
290
2574
2786
90
1692
2193
2481
3607
1419
2803
2760
1684
419
215
3453
1704
1383
265
2114
3171
2838
2977
1439
1314
2783
369
2292
1746
1057
190
686
1271
1865
1219
1349
3250
2170
618
4051
3348
1994
3785
930
2916
2876
2297
357
514
586
3807
3648
142
3791
3505
2677
1338
2395
491
3732
3477
2064
540
1615
758
2642
2877
1918
3592
2781
1206
3050
880
781
2120
901
3677
1849
2885
638
4087
4007
1605
4074
359
3498
3019
1454
3996
846
404
518
2878
3939
607
3721
4054
802
3585
1815
4092
2358
188
1159
2969
1612
2952
870
498
413
3040
2536
1036
24
402
3538
3227
135
3799
909
2349
3924
1508
3855
2302
3101
739
1052
526
1111
3644
452
3059
2470
1754
859
995
684
3433
1351
3889
3720
3349
362
2115
3447
3007
3468
2278
367
3316
2921
2756
1566
1811
3652
2136
1588
3809
3279
3914
3450
1405
3300
3072
3151
426
2138
1884
40
3135
3090
3143
2308
1791
1459
2692
3211
2017
595
1915
2965
3473
3444
3804
3967
73
1581
1090
3675
3075
2646
2175
2040
3579
1981
182
3186
1063
1149
3694
2694
1948
1317
3704
286
3584
1452
903
4066
3912
3590
1004
663
438
2648
3792
3980
3099
2937
545
3317
297
1944
3441
734
1060
2030
3386
3311
1477
3945
1371
798
150
3165
747
1168
2067
1620
729
3557
1200
589
3917
790
3079
2983
2419
1233
2
2095
2743
3563
3
3187
4056
3841
418
2002
1771
2928
3269
137
2460
2060
904
261
2227
2929
379
1997
695
2031
2384
550
1412
3471
985
3693
2585
2070
3463
512
2842
2864
3417
1078
364
3857
2698
1658
585
32
3851
610
621
53
1971
2090
1631
3571
447
511
2335
3006
2768
1201
969
3922
1958
3214
4028
1659
1211
399
3341
424
3650
923
656
2557
3026
284
3205
208
212
2566
2324
496
398
2637
81
3872
2587
3907
1991
2148
420
1076
2661
1196
973
37
1107
2510
674
2459
3356
575
2564
2507
611
1964
2162
865
168
2233
2154
1515
3609
2906
242
3610
3204
999
235
3949
1079
3893
1500
3412
2493
1252
119
3674
1334
677
4073
1557
977
784
3551
3726
1873
3321
2495
2300
1810
4093
440
3744
83
2563
4045
2829
341
2505
2900
143
4058
2230
2703
3630
3710
4084
1080
1983
2179
2068
1073
657
1430
423
1617
637
2723
584
2281
1466
1482
3230
437
1261
3109
1638
394
3404
628
3999
3766
2189
3647
473
1667
3598
3880
2132
374
2234
2931
1192
3943
1553
2527
2830
3594
3366
3234
1875
2957
1328
1332
2605
2197
624
2541
68
1635
631
2391
486
3161
392
477
3954
454
1397
2772
3139
670
2397
2491
3703
1269
3501
3014
111
872
3528
1844
994
785
702
189
3073
3173
3884
121
2839
1352
2254
1786
103
1268
3846
2971
3166
2994
472
2517
3024
3222
1843
464
1320
740
984
162
219
2886
3438
2133
333
2262
771
3028
3320
983
763
1663
3608
3193
897
1225
217
1931
1055
876
113
2558
172
1132
2137
3909
1266
2235
3627
1234
3207
2775
3977
262
1183
1972
3174
1322
1081
466
1295
1254
982
2036
4095
2195
3844
446
2780
2194
960
1519
537
31
3839
1996
2147
3032
74
3831
3745
2513
2528
893
1101
1790
2633
1374
533
2981
1666
1484
3283
1488
2714
1734
2659
3663
240
2007
4000
934
1934
3325
101
4070
3012
1398
3120
1825
2913
3467
2484
775
2656
14
3001
2801
4085
3156
2979
2275
476
2426
2315
2466
3902
3332
327
2601
3119
2980
1563
748
3402
3155
2673
1966
3405
2285
1535
2050
561
3821
2539
474
1222
2086
4032
544
940
3733
2890
1946
425
2532
1705
2379
1441
755
2580
3759
1742
2111
2474
3651
88
1131
1114
964
2990
2676
3620
2328
3769
853
2966
3905
3162
3465
3691
2603
1775
1752
3667
1376
1736
2052
3552
1812
1898
3287
1758
1759
2613
2789
2225
1428
3562
647
1369
2915
3536
1690
1416
1866
2089
1794
2257
2962
3036
1957
3331
1116
2650
782
3625
3817
3616
4006
2947
1956
3687
3153
1857
1474
722
1819
2354
3895
1689
2750
3553
3935
3242
3423
2891
3196
1095
334
1007
373
3086
2322
3175
3080
1310
3959
649
422
3716
2182
3100
553
202
996
3488
3611
266
645
1695
1949
956
1768
3033
350
1920
861
3832
3623
2271
2550
4083
3071
1909
2934
1584
456
730
2212
2425
2868
1316
746
3890
3017
2787
2615
1069
3118
412
1346
3876
1598
980
2538
524
285
1710
353
2343
3758
3435
849
736
494
3499
1513
3798
2866
2817
3547
2413
596
3255
1389
2476
989
1632
482
2699
2594
3672
110
159
7
3816
2314
2165
3070
323
1231
4078
2751
3446
648
3643
2707
2464
3968
352
590
1551
2800
3772
2858
766
2665
3210
223
3665
1954
303
528
2021
3983
2367
1434
428
1184
2239
2346
3041
3746
492
3221
1743
882
2160
2764
1848
3225
444
3480
1807
2187
201
3812
622
3523
753
2631
1365
1226
2543
701
108
1129
2418
3130
3947
2157
1661
2356
2593
4088
3830
39
2635
336
3886
2018
1522
3742
3437
2181
400
2903
1361
3124
2252
291
1013
3988
2753
813
2205
3373
3276
2936
2352
668
1716
3911
169
175
2933
171
805
1683
89
832
385
3092
875
4052
1675
3913
1979
3327
277
751
1789
3167
2398
2015
306
727
225
3783
2485
3481
3837
2766
1747
1071
3735
1656
3512
237
1047
2674
1283
2905
57
2798
3656
2014
1009
3206
3601
626
866
2721
1429
1681
117
395
1975
3160
197
3649
2832
2609
750
1125
2173
3908
570
21
3018
3586
1301
1570
1178
1762
2480
1868
2072
2151
322
2051
453
2091
2145
1907
2799
3670
3330
1218
98
409
360
680
1143
535
2849
1375
1899
2088
1393
1028
65
1572
719
2375
1088
3474
1326
3158
60
480
582
1942
2073
3955
4076
724
1872
2887
3195
560
3228
651
1480
338
1177
1329
2762
3475
3410
391
3439
100
642
1732
3749
1914
3108
1021
305
4019
1590
978
3123
3885
2548
2912
2074
2113
1008
2590
2166
3773
857
3966
573
386
3239
1456
1510
2405
36
2326
2178
3345
218
1438
3209
1921
221
3314
1166
3936
3418
1548
863
2619
1118
2357
3989
2293
1564
3951
3617
2008
679
411
1943
4020
2240
3706
1120
1022
1926
1802
1594
1796
1526
3806
375
1887
2964
2186
1137
1048
3748
152
288
2452
3671
3083
3631
1170
3115
488
1959
2555
465
2519
1916
808
1267
2773
2718
725
1368
2680
3942
2820
2199
2229
834
3873
1152
3066
2024
2526
2672
3280
516
3148
2639
1003
2910
2010
3367
3208
2734
3034
2700
1525
2816
1953
3533
1093
2264
3756
2812
2810
145
3680
232
3318
33
1246
3822
1449
3397
1010
4022
3457
1059
1610
1727
2251
2280
343
3013
1023
594
1913
2722
1384
2451
2825
1824
520
2684
2150
4059
976
1896
2759
86
1514
1061
1110
951
2217
2333
2188
2578
3626
3149
3637
213
2206
1
665
2667
1330
4042
3920
919
2065
1984
366
2757
2573
346
443
1714
3564
4013
848
974
1976
2939
2190
843
2102
377
107
3548
1401
3910
3445
1030
1406
1390
2423
1451
2045
2306
2728
3049
3658
3739
1698
3334
1408
251
3938
2790
1122
1380
602
1874
3708
2533
3289
661
3419
3669
3238
4038
818
1664
1281
519
2584
2062
2664
4003
3915
132
709
1622
1421
3573
2985
3901
800
1845
1600
3730
133
1462
1850
2628
3231
2287
325
248
3972
3657
908
2277
3960
3930
2057
1900
916
3602
1862
2844
2489
35
733
3076
1726
140
3105
216
3425
1251
356
1625
2941
840
272
2682
3278
2758
836
3574
932
211
1065
896
2999
3834
1370
1628
1146
1141
761
3382
1388
4040
608
3962
3765
3964
2953
3506
3440
1029
2140
179
1504
3517
3810
1922
3659
1647
2429
1577
3117
3251
2518
965
1883
2595
1748
2706
667
2025
1780
1372
257
759
2164
3044
2840
3771
2653
2238
2081
3336
390
1002
489
2359
1640
2116
30
2872
4018
4075
430
2821
3142
1447
2323
3185
3737
3449
1559
629
274
1925
1889
3159
1750
1096
3815
815
3354
3871
2342
3045
1523
2598
1291
971
1410
2827
12
1153
3141
1678
2200
3233
1985
3451
3558
2925
1492
2202
3503
1154
3705
2686
2572
742
3529
2938
2509
2237
1245
1103
1033
2396
1521
2167
72
681
1102
1247
3112
2458
2059
1616
3638
3811
2651
1512
3069
3852
3074
1084
4063
1092
4005
3686
3114
2729
2414
2362
2669
2841
3241
2788
3022
1481
1230
712
1169
184
542
949
2591
1798
3281
1425
1302
1026
2742
3768
2336
328
329
2183
1025
4036
2247
1486
2246
1263
2105
2670
1604
2388
9
2690
3848
3058
1099
1311
2717
3738
572
2782
2192
3385
87
1761
193
3263
4035
3493
1556
2882
20
6
198
1276
3843
2739
3605
3946
706
2128
2747
3683
1350
3081
625
3864
3685
4082
3003
2016
3869
1144
1171
3476
3582
1881
244
3011
1034
3413
2501
2502
1179
2606
178
1186
1687
3740
2612
1809
2730
408
1417
3764
1547
615
3132
1853
4017
2641
2404
3987
3760
3723
1306
3254
16
2462
2327
1256
191
605
3621
2393
4012
2875
3391
2056
3164
549
564
1315
2713
2708
2121
2438
568
799
3243
2301
937
1424
1691
801
3569
3213
460
3595
330
522
332
3315
1744
1728
263
2813
2042
1544
2546
3416
1020
3432
1912
3414
1614
3767
3172
194
2822
1379
1366
1378
3888
1779
1207
1360
376
2077
707
2919
1121
280
38
3064
3575
2003
1509
1541
224
871
2454
2846
126
3261
2892
2005
1373
3487
609
690
1897
3163
106
693
4065
25
55
2176
3629
2163
1653
811
3918
2318
1817
515
2473
3310
2874
427
3509
1528
3257
3415
3842
2926
1239
3639
3303
1655
130
1561
796
2103
3409
3091
164
2647
1682
2854
17
3664
3491
3308
2332
155
3717
457
1305
407
1634
2998
1669
2353
2537
2540
3787
3371
664
1165
1892
1187
3144
1468
3215
962
3376
1644
49
220
3365
1774
2283
772
1829
1869
3442
1962
3688
754
529
3508
1133
2117
1017
2693
2959
1700
3928
936
1596
79
2614
867
80
1735
757
415
3618
3725
3929
1356
3381
1560
1469
2321
3472
3963
3850
497
2720
1947
3362
1016
1151
780
2298
3662
4043
1836
3530
2261
2146
580
3407
384
1867
258
703
2679
3284
3236
3861
2904
878
509
102
2908
3448
2826
365
243
2551
2602
644
1542
2427
2797
3010
2428
2107
209
3828
988
4064
3180
2290
1540
3545
3216
2171
3088
2149
146
2214
4037
2019
1264
1877
902
1852
259
2855
1706
3655
1381
2907
1723
3786
1679
3903
1105
890
2218
124
46
1856
1864
2835
475
3082
788
165
3612
3324
3593
2576
3682
2434
245
3265
1575
569
2881
3337
3133
2433
1220
128
91
3934
3150
924
2657
1318
4008
3305
3514
1344
659
3485
2948
2522
2258
2033
3932
2689
2811
2970
3866
1729
891
3346
3110
3933
1833
3277
646
3606
2749
2004
3588
1562
1863
634
3635
3532
2943
3525
2923
3540
1483
3077
1672
2494
1517
1467
2565
554
3926
2695
1960
1400
894
4061
431
942
2508
1828
2711
2350
1145
3052
347
3539
115
3470
2372
2796
4030
468
1987
3676
2610
2296
1607
1676
228
206
530
633
3554
3078
1188
525
3021
3867
672
2620
510
4027
2439
1950
199
2597
3384
1673
1621
2617
1182
1250
3273
1712
2245
1199
662
1993
2725
1044
2831
3692
650
1879
2472
1433
699
1988
1751
732
3927
3970
3863
1157
75
3495
2530
1062
567
2568
1589
1654
3152
4049
3296
3168
1053
2168
3982
2516
2013
2402
1660
3969
2320
2058
3483
439
3919
1435
3794
2879
1404
1579
1876
3743
226
1961
1394
342
2289
2973
1552
1019
3055
3042
2312
207
2043
0
2387
2755
3293
1041
3285
2604
3668
3695
299
1032
1986
831
432
3403
2411
1279
396
3518
3633
955
583
3728
1042
478
499
2276
3134
612
935
536
1228
3355
2784
1932
3309
789
3360
416
76
1755
3182
2084
3636
3780
1502
1362
820
616
4048
3826
967
1005
2344
1402
3131
2099
3054
816
2222
1585
4060
1606
2415
885
3600
3147
1382
1496
2814
833
3430
3266
1160
3931
1533
2930
941
67
671
3246
2465
2918
506
2370
587
1298
3424
3950
1969
2174
3291
1507
1386
1795
2096
1286
1878
3521
3102
992
2897
3400
331
3719
69
3047
2949
2596
1128
64
993
3322
4069
939
2208
2215
731
222
505
3184
2997
1567
716
1290
2236
63
538
317
2968
920
3520
3838
3544
503
255
599
2475
368
4016
1324
3825
2828
3568
3212
1327
1688
635
3957
3567
281
1024
817
340
471
3038
770
2652
2269
1487
1284
1619
1173
1202
1586
283
539
3519
180
122
1636
308
2869
793
1838
2986
1713
203
886
3975
3537
1973
1208
826
1337
2737
603
921
3383
1243
1506
2503
1778
2525
1980
3452
2135
3288
1633
3002
1189
2373
2724
4044
449
2865
2935
998
2347
129
3849
1952
2663
2448
3722
1070
2123
1603
2542
3240
1847
3181
1534
2087
3990
389
381
1012
3853
1571
557
3613
678
1190
3106
1164
3062
1820
3689
1618
264
1270
3048
1493
1205
666
3953
3789
2974
2795
2061
2569
1565
2223
779
3701
93
3443
2100
760
196
2836
3823
393
3434
3500
2896
527
1414
349
2777
23
1995
1098
70
1591
1718
380
3904
2851
1927
3359
1578
2282
1725
2529
2053
2071
3995
641
858
97
3587
3937
2880
3370
3104
3128
2097
883
2752
1970
1313
2159
2902
3113
3326
1265
4002
300
192
3984
2455
2403
1569
1574
797
2446
1924
2126
3224
972
1923
1323
2654
3197
3515
2575
1516
1347
652
3116
1749
1708
3761
2420
3542
2483
2311
3220
2492
167
2582
2319
3604
2859
2779
3379
3198
1501
2083
1193
3268
1043
3879
773
714
250
363
3217
3352
862
1929
1277
1592
294
94
312
4086
2364
2726
1904
2806
66
1503
147
2506
2685
28
2185
1288
2210
3126
2995
2380
2390
3427
593
3906
148
783
3031
546
508
3302
2345
574
2457
2643
3597
320
931
3157
1395
1018
156
2112
3800
1609
979
309
315
3956
828
2567
1911
2023
1917
571
1232
3111
1014
3464
1112
720
1808
3313
1627
2243
1886
3301
114
3380
1781
1006
2376
591
2500
2636
823
1411
3774
3294
27
551
3275
1049
157
2412
1130
2098
2898
2701
2101
249
1045
2122
620
2329
2340
2041
2093
3775
3127
3146
2767
3286
112
3390
687
3673
2104
3005
721
713
864
842
2658
2482
3333
1272
1539
1109
1674
705
3219
2520
3043
10
3634
1643
2400
1511
310
1998
3098
3190
3084
3319
461
3985
4079
1840
4026
895
3399
3678
3940
2709
1587
295
442
1453
1593
3421
3262
1894
43
3469
13
2741
945
1839
1582
1415
5
2381
841
1359
1527
3008
1939
2213
2001
579
2744
3827
1037
3199
990
2490
2401
3565
2219
3829
467
810
961
3818
2774
2924
298
1161
2365
2807
1127
3755
1115
2363
85
1287
1067
838
4055
2666
19
915
227
3037
2645
1470
1555
639
717
1203
2142
2769
321
2288
3046
1229
2889
410
1715
1639
2843
987
450
3232
1649
158
1697
2710
812
421
3129
4053
204
2139
3865
1520
917
304
1175
3921
3808
3479
1530
1198
495
948
655
458
1309
1730
120
2075
433
397
2488
134
1491
3466
2469
950
34
42
463
1258
3858
403
3878
2443
3035
2746
3974
2479
105
2660
3763
3790
2736
944
2027
2498
1204
326
3729
1299
1085
2232
2453
1670
1890
2106
1935
1573
3459
3916
2927
161
177
2785
854
2450
3891
2870
1031
296
3859
1124
552
1490
3462
233
104
3298
51
2731
3782
1841
2044
2848
3641
2299
869
2547
741
749
517
3770
8
1304
803
3191
2108
2987
268
1457
613
3965
2207
434
675
2055
429
3455
3137
2383
1764
292
2552
3323
3978
3248
3795
2310
500
3736
1066
1056
692
653
455
3056
3436
777
1861
1955
2804
1938
2984
1680
2394
835
1854
2523
3406
1464
2406
592
822
1888
1364
275
1172
1235
2158
2408
1000
3877
3747
3971
3253
62
922
3847
3312
2338
3998
3679
2080
3292
1891
4062
2862
459
231
1094
888
654
778
1668
3854
2341
3992
123
1273
1788
1237
1015
2046
99
2259
718
938
3363
1769
809
1086
2424
1174
1903
2675
1148
2809
2895
2325
1818
2514
2143
1180
2399
3572
229
2976
270
2626
558
3027
1721
669
3531
22
1558
2702
1074
1319
879
2331
3392
3510
2920
3061
3492
2231
3900
2608
2850
388
2553
234
1213
1804
825
1822
2063
1399
3009
205
48
1757
1377
2211
4004
3369
1191
1814
2248
3750
3534
1460
1719
1426
2873
3583
1724
241
2818
348
1040
756
787
3993
884
1367
2524
744
2012
3183
2967
2268
2255
2922
1294
700
887
2544
2600
1538
2627
92
683
2697
2449
1826
1694
319
2191
4023
1445
3259
2134
131
640
3004
3707
2369
3051
1156
2156
2622
1158
3577
839
900
2076
1303
56
1770
3372
2687
1773
3840
3696
3762
1720
2770
3524
2144
1072
3087
1831
200
176
2477
1835
2486
1919
3973
354
485
2837
2791
1793
271
1699
3229
1648
2792
523
1823
2279
138
1613
794
1974
2771
1830
3297
4094
1089
481
1777
2127
2515
3507
3566
3226
2371
1221
2304
3096
852
493
791
566
874
15
3154
2378
3484
1937
3252
1783
1409
1765
2894
1082
1992
905
1097
2588
1432
3494
1472
2038
1050
1485
2793
3713
4033
1249
253
1140
1422
3189
3249
247
3122
136
1244
2155
3578
3431
2317
2152
371
1396
335
3272
3898
1280
1278
2351
2266
462
1064
1142
2893
3731
1176
2094
2993
3140
2029
807
2778
578
2833
2847
868
563
2082
3624
1893
2374
892
1471
3632
1339
2671
2253
1641
50
1524
1505
1100
2960
1363
2589
958
3063
2860
3941
3218
2883
2951
3784
534
3145
1968
555
3961
1910
3560
3478
3753
2732
2456
1343
3486
3948
1518
2823
4041
715
3660
3714
2630
2447
2000
576
2945
3991
260
2026
2221
959
2382
2611
946
3357
1731
2956
824
2249
1391
383
141
1494
246
1842
345
1834
2678
2618
3979
2294
3295
1210
1223
2263
1766
3223
1858
26
470
1665
1855
3282
513
2624
2442
1257
925
3860
2570
3398
914
3862
1353
2273
96
1431
3589
1407
3429
2172
436
877
1106
2267
2440
287
860
2079
154
3378
2534
3899
3107
3085
118
3428
3299
448
3559
1336
617
3801
4067
2009
3094
1255
2313
1650
479
344
84
2629
490
302
688
3097
556
1756
2748
144
2444
1545
2857
3614
1797
2581
256
3245
160
1138
1297
1930
3065
2562
3712
45
1785
1951
3460
2535
2715
3824
2592
3868
307
1832
301
4046
1532
2738
4089
252
2560
339
3516
963
3136
3805
1816
195
1707
1427
1495
2196
3883
559
1629
3387
3138
541
1197
3522
1292
3570
3343
606
3734
2942
311
3328
1077
484
1331
3894
52
3344
2917
1901
3067
3023
1602
3504
830
1803
2203
3711
4
3923
2141
581
2436
1536
370
3016
282
2355
912
851
4072
2130
378
997
3653
873
4021
1908
2386
2180
2549
387
565
3057
3882
2309
2577
4024
3361
1051
372
54
660
3420
1489
173
230
1799
1717
2241
1167
151
2599
991
1275
2946
1498
623
2265
1113
2914
804
1423
293
3513
2274
2085
691
4031
2256
3543
829
1933
632
2468
3408
3727
2616
2011
3364
2745
1260
2389
3426
170
1463
1936
1450
2955
2940
3619
2049
2499
3576
2911
3482
1150
3039
3095
1054
899
1711
1083
2909
2284
3777
2662
1880
153
1895
2735
2035
4014
850
1296
2204
2441
774
1651
3456
3856
970
4090
2228
598
3778
2119
2632
2047
910
4050
2169
1413
3511
4009
630
2048
2561
3994
501
239
1262
3454
2270
504
711
1354
1387
1253
694
4029
2716
3377
1703
1238
762
1827
3351
11
1709
1285
1058
441
3103
1999
1087
907
531
71
3803
186
3458
3751
1437
4025
2330
1240
3699
968
2092
2824
125
1772
898
2958
3020
2963
3389
3555
2110
1242
382
1473
1335
2867
187
3374
3395
1478
3307
3603
236
4091
3179
318
1568
845
3335
1068
3194
1885
1300
954
795
676
3339
3835
752
1611
451
1963
2435
2992
1608
1945
1446
673
2407
2109
1537
3388
1642
3260
953
2944
792
1782
2272
2463
3267
1576
2125
3176
2871
3754
975
1104
2054
2740
1549
3986
41
2431
2295
776
78
2805
1312
3661
3290
2392
745
3596
1134
1531
2834
913
2761
1274
3247
614
1479
3306
3394
2579
1117
2819
548
3496
3546
986
174
1821
928
1805
469
1011
2303
577
3788
1741
1436
2198
254
1325
1136
3654
77
3030
1601
314
2655
1385
2559
406
3718
2512
3490
3338
3697
2410
2899
2118
2638
3820
1626
767
2224
