901 901
0 895 108
895 215 9
215 243 2
243 690 2
690 832 4
832 6 1
6 783 158
783 518 1
518 483 13
483 864 1
864 886 6
886 54 11
54 46 3
46 755 6
755 593 1
593 851 6
851 208 4
208 74 4
74 785 8
785 69 20
69 722 4
722 763 21
763 163 6
163 570 11
570 540 9
540 538 3
538 728 12
728 657 6
657 891 2
891 702 9
702 264 2
264 900 12
900 745 4
745 867 9
867 803 14
803 534 17
534 191 5
191 248 9
248 270 2
270 682 11
682 302 14
302 125 4
125 825 9
825 216 12
216 735 26
735 409 14
409 109 14
109 505 3
505 261 105
261 791 6
791 59 9
59 194 10
194 404 4
404 20 5
20 696 19
696 446 15
446 846 1
846 456 8
456 366 12
366 384 1
384 61 2
61 873 3
873 502 8
502 865 13
865 417 2
417 434 10
434 470 17
470 819 20
819 63 6
63 183 6
183 66 15
66 821 2
821 869 1
869 738 6
738 418 1
418 748 12
748 254 9
254 500 10
500 681 41
681 479 8
479 861 6
861 498 8
498 301 21
301 32 2
32 223 7
223 295 7
295 659 3
659 195 12
195 318 30
318 820 25
820 324 16
324 573 9
573 632 3
632 7 158
7 523 5
523 844 7
844 134 9
134 605 13
605 802 8
802 512 7
512 604 3
604 595 1
595 761 7
761 259 9
259 263 15
263 576 11
576 710 15
710 541 16
541 845 14
845 610 2
610 591 2
591 556 18
556 403 9
403 12 3
12 371 19
371 279 6
279 33 25
33 443 44
443 458 18
458 408 7
408 258 13
258 600 11
600 152 10
152 432 2
432 661 52
661 613 14
613 562 15
562 582 6
582 274 6
274 615 7
615 83 10
83 535 7
535 459 11
459 402 10
402 29 48
29 557 20
557 124 23
124 866 25
866 405 5
405 14 29
14 79 3
79 411 11
411 51 8
51 790 1
790 889 4
889 736 4
736 744 13
744 370 32
370 237 9
237 114 13
114 378 13
378 430 4
430 13 6
13 379 9
379 189 6
189 510 3
510 437 6
437 266 3
266 596 13
596 187 17
187 624 1
624 448 4
448 351 3
351 49 6
49 830 13
830 289 3
289 504 1
504 511 5
511 772 13
772 41 6
41 368 4
368 552 20
552 199 12
199 623 3
623 85 15
85 92 5
92 203 36
203 25 27
25 167 13
167 173 16
173 545 16
545 656 28
656 336 11
336 621 4
621 415 8
415 460 4
460 514 4
514 840 1
840 592 3
592 769 30
769 206 1
206 798 8
798 355 9
355 675 4
675 360 4
360 271 4
271 275 3
275 650 14
650 230 10
230 180 9
180 84 17
84 73 26
73 9 17
9 578 8
578 193 7
193 129 8
129 130 7
130 72 11
72 296 6
296 52 8
52 311 3
311 482 2
482 172 1
172 442 2
442 492 9
492 231 2
231 709 8
709 234 3
234 149 4
149 71 22
71 328 18
328 117 7
117 141 3
141 477 7
477 154 7
154 113 4
113 330 5
330 102 11
102 93 10
93 176 18
176 145 1
145 521 12
521 104 15
104 140 17
140 107 1
107 197 3
197 339 8
339 220 2
220 31 1
31 146 3
146 522 9
522 198 7
198 8 2
8 493 6
493 80 6
80 315 19
315 643 4
643 495 3
495 287 5
287 126 47
126 309 8
309 568 13
568 445 6
445 389 30
389 547 1
547 188 3
188 164 1
164 566 6
566 674 2
674 333 5
333 256 6
256 307 3
307 449 2
449 306 1
306 860 8
860 367 4
367 497 18
497 694 1
694 799 4
799 516 6
516 18 1
18 651 3
651 5 1
5 133 7
133 214 1
214 636 1
636 142 6
142 308 4
308 11 15
11 75 10
75 565 7
565 106 6
106 340 15
340 447 2
447 45 4
45 108 21
108 91 5
91 179 13
179 288 49
288 218 5
218 450 18
450 110 19
110 204 2
204 112 8
112 463 4
463 680 7
680 758 10
758 887 58
887 630 1
630 759 4
759 95 3
95 359 3
359 546 21
546 346 10
346 28 19
28 99 1
99 743 6
743 316 9
316 882 3
882 239 7
239 779 9
779 835 8
835 281 9
281 143 6
143 24 5
24 574 16
574 396 1
396 685 7
685 181 25
181 165 41
165 157 29
157 247 106
247 144 12
144 426 14
426 469 34
469 361 32
361 784 10
784 242 23
242 374 9
374 233 121
233 774 1
774 768 2
768 732 3
732 347 2
347 435 2
435 269 8
269 818 2
818 766 7
766 457 7
457 507 15
507 753 2
753 841 5
841 718 2
718 875 8
875 226 5
226 752 2
752 310 14
310 304 136
304 587 8
587 169 11
169 517 4
517 616 26
616 884 2
884 501 12
501 626 4
626 698 9
698 174 8
174 319 25
319 42 1
42 622 9
622 571 5
571 734 8
734 97 4
97 894 10
894 646 3
646 135 2
135 286 1
286 773 9
773 807 8
807 612 3
612 786 14
786 747 124
747 795 2
795 337 12
337 116 25
116 678 2
678 358 7
358 37 8
37 213 8
213 488 23
488 323 6
323 471 4
471 704 8
704 272 2
272 542 11
542 833 15
833 472 7
472 794 14
794 746 10
746 778 16
778 764 11
764 200 6
200 438 11
438 826 22
826 297 11
297 300 6
300 666 16
666 161 4
161 801 27
801 703 11
703 1 2
1 836 6
836 530 6
530 780 19
780 348 115
348 854 21
854 885 16
885 250 5
250 658 5
658 137 1
137 544 9
544 65 16
65 586 8
586 528 10
528 166 26
166 68 1
68 273 6
273 390 3
390 67 2
67 89 10
89 453 1
453 425 1
425 770 3
770 664 5
664 428 1
428 245 6
245 162 11
162 19 19
19 278 7
278 299 5
299 344 18
344 740 11
740 392 2
392 327 10
327 156 2
156 196 3
196 601 4
601 691 15
691 184 10
184 222 4
222 103 5
103 241 55
241 53 15
53 383 15
383 804 5
804 159 16
159 58 13
58 123 2
123 529 16
529 100 2
100 225 8
225 36 2
36 689 12
689 739 4
739 838 3
838 686 15
686 290 1
290 733 8
733 852 1
852 341 4
341 236 6
236 160 1
160 725 23
725 395 6
395 814 5
814 670 4
670 420 5
420 27 2
27 255 8
255 16 51
16 209 22
209 177 12
177 122 6
122 640 9
640 683 16
683 350 1
350 192 24
192 354 2
354 599 7
599 168 3
168 81 1
81 721 7
721 111 3
111 210 6
210 560 7
560 207 5
207 82 20
82 267 2
267 335 11
335 550 28
550 219 3
219 40 2
40 90 7
90 393 5
393 716 9
716 55 8
55 525 1
525 205 35
205 345 32
345 265 2
265 474 3
474 158 17
158 353 15
353 332 4
332 221 15
221 87 17
87 23 24
23 26 6
26 312 28
312 618 9
618 101 15
101 115 9
115 326 12
326 293 2
293 394 12
394 44 4
44 427 1
427 644 8
644 57 4
57 548 4
548 641 3
641 756 4
756 4 1
4 105 3
105 695 1
695 597 3
597 827 2
827 637 11
637 692 13
692 671 1
671 536 3
536 553 2
553 585 5
585 676 2
676 369 1
369 870 4
870 503 29
503 224 5
224 56 17
56 526 24
526 86 102
86 314 14
314 298 50
298 452 29
452 489 26
489 277 8
277 487 7
487 467 15
467 787 125
787 699 5
699 572 6
572 712 27
712 777 6
777 96 11
96 39 4
39 629 15
629 707 3
707 244 2
244 602 13
602 896 7
896 30 1
30 796 3
796 76 29
76 10 8
10 338 11
338 700 8
700 78 10
78 890 8
890 679 11
679 727 3
727 606 122
606 465 2
465 357 8
357 813 9
813 701 1
701 754 8
754 533 11
533 372 1
372 880 3
880 227 4
227 829 7
829 385 13
385 424 10
424 132 36
132 47 105
47 608 11
608 810 37
810 899 1
899 43 4
43 892 2
892 352 23
352 863 8
863 494 10
494 148 4
148 749 13
749 506 7
506 481 47
481 653 17
653 797 3
797 268 35
268 715 271
715 665 5
665 800 6
800 782 2
782 537 8
537 513 7
513 475 2
475 182 6
182 564 15
564 431 13
431 377 8
377 806 28
806 837 1
837 628 2
628 473 4
473 381 12
381 292 10
292 648 2
648 742 6
742 652 1
652 848 7
848 155 5
155 765 18
765 343 9
343 397 3
397 731 12
731 280 3
280 212 18
212 859 11
859 687 2
687 855 4
855 558 26
558 575 3
575 771 9
771 849 6
849 589 11
589 858 2
858 874 11
874 519 9
519 750 8
750 805 113
805 633 2
633 868 2
868 62 2
62 654 4
654 792 14
792 660 2
660 697 20
697 717 12
717 693 11
693 781 4
781 620 8
620 136 6
136 118 1
118 619 6
619 532 4
532 897 2
897 834 4
834 808 10
808 842 16
842 684 8
684 776 4
776 823 162
823 607 3
607 876 4
876 60 5
60 496 1
496 15 108
15 729 1
729 554 16
554 422 6
422 850 17
850 639 13
639 706 15
706 251 1
251 760 6
760 737 1
737 647 3
647 262 17
262 614 109
614 283 4
283 741 11
741 178 6
178 611 5
611 282 12
282 822 5
822 724 15
724 762 1
762 672 1
672 584 3
584 583 6
583 881 13
881 645 1
645 667 4
667 561 26
561 468 13
468 663 21
663 421 3
421 451 9
451 440 2
440 455 6
455 416 9
416 789 7
789 294 5
294 276 32
276 815 112
815 284 13
284 2 29
2 893 13
893 444 18
444 38 13
38 175 8
175 515 27
515 775 10
775 476 27
476 35 4
35 588 20
588 668 2
668 398 2
398 816 11
816 862 9
862 322 25
322 147 5
147 249 11
249 843 1
843 419 6
419 373 13
373 788 4
788 555 6
555 94 15
94 98 20
98 365 33
365 235 1
235 401 1
401 809 6
809 362 1
362 577 30
577 649 25
649 567 2
567 410 9
410 229 3
229 549 17
549 413 2
413 190 1
190 878 5
878 388 1
388 439 12
439 847 8
847 767 7
767 609 4
609 527 28
527 598 20
598 857 10
857 662 2
662 531 34
531 138 44
138 285 26
285 17 28
17 201 16
201 228 25
228 48 6
48 454 37
454 705 14
705 151 6
151 828 2
828 436 12
436 406 12
406 64 35
64 466 1
466 382 5
382 491 3
491 569 4
569 714 33
714 719 6
719 485 14
485 185 14
185 331 13
331 461 3
461 153 26
153 253 19
253 508 2
508 50 10
50 711 5
711 478 7
478 509 7
509 539 10
539 811 12
811 634 12
634 380 7
380 720 5
720 387 2
387 669 5
669 414 23
414 579 11
579 3 136
3 150 6
150 490 25
490 139 9
139 872 10
872 77 5
77 34 3
34 617 4
617 88 25
88 524 5
524 375 21
375 603 14
603 120 5
120 399 5
399 433 27
433 363 8
363 879 4
879 831 7
831 70 2
70 751 22
751 211 18
211 22 12
22 708 2
708 581 21
581 839 3
839 121 20
121 325 2
325 376 1
376 726 36
726 119 52
119 673 14
673 364 39
364 320 31
320 131 7
131 856 3
856 170 4
170 638 9
638 757 2
757 317 7
317 655 4
655 688 20
688 329 10
329 635 3
635 321 24
321 429 8
429 871 19
871 594 4
594 793 9
793 128 6
128 486 13
486 423 9
423 127 11
127 313 8
313 400 3
400 240 3
240 260 2
260 543 4
543 625 1
625 441 3
441 462 10
462 412 9
412 202 1
202 342 30
342 391 3
391 464 14
464 677 9
677 303 8
303 257 10
257 217 6
217 723 9
723 291 4
291 334 6
334 232 22
232 520 54
520 563 3
563 305 45
305 252 84
252 407 11
407 21 38
21 186 112
186 730 48
730 246 14
246 817 136
817 713 16
713 627 3
627 484 5
484 590 43
590 499 20
499 631 1
631 877 5
877 853 2
853 812 4
812 551 15
551 888 7
888 824 4
824 580 2
580 349 8
349 386 3
386 559 2
559 171 10
171 883 9
883 356 4
356 642 1
642 898 11
898 238 27
238 480 103
480 0 2
