4097 4097
0 2225 14307
2225 768 9375
768 1627 1548
1627 3821 10120
3821 2639 10892
2639 2119 12951
2119 3719 11373
3719 2513 14526
2513 3491 28687
3491 3339 9583
3339 3698 23951
3698 2411 14511
2411 2900 10973
2900 407 1495
407 2560 22535
2560 1386 7146
1386 2656 10401
2656 315 10407
315 899 14078
899 2959 9887
2959 1602 6631
1602 3021 5325
3021 2964 13092
2964 3390 8536
3390 3556 19540
3556 2111 18419
2111 1243 5903
1243 1474 19909
1474 383 9237
383 1336 14606
1336 2868 16194
2868 188 7362
188 3375 8297
3375 3396 10470
3396 1479 19129
1479 3308 20296
3308 3604 4915
3604 237 10595
237 4092 5596
4092 3180 3829
3180 319 8178
319 677 10396
677 3340 9339
3340 3836 2325
3836 753 14340
753 1612 1439
1612 452 8967
452 3987 24554
3987 1550 7871
1550 976 9737
976 1105 11350
1105 2741 5648
2741 2055 1527
2055 42 17703
42 2432 15770
2432 2296 9618
2296 777 10401
777 79 8840
79 2806 6410
2806 1313 9096
1313 3662 3556
3662 3291 13436
3291 2393 16956
2393 746 11719
746 3597 4769
3597 1135 9248
1135 1532 6845
1532 2835 6949
2835 914 15757
914 2762 22778
2762 1742 2845
1742 3789 22155
3789 2304 23632
2304 578 2615
578 1012 6729
1012 470 16904
470 1806 14522
1806 929 11625
929 1822 4617
1822 175 4627
175 987 15471
987 3547 10604
3547 3497 15259
3497 3757 10619
3757 2813 16520
2813 3079 3291
3079 3555 9049
3555 634 2452
634 531 17027
531 207 9704
207 2011 5603
2011 2911 3885
2911 1004 13031
1004 2640 14256
2640 146 17249
146 2811 21088
2811 1189 16176
1189 526 9475
526 3022 6799
3022 3868 8958
3868 673 6846
673 2621 11677
2621 1247 15527
1247 511 6612
511 3823 4562
3823 1450 9659
1450 3398 12943
3398 2246 16563
2246 1713 15201
1713 3274 16094
3274 1251 12416
1251 1183 10362
1183 2618 2629
2618 1622 17055
1622 1674 12808
1674 3385 11409
3385 1951 5526
1951 200 4663
200 2598 9839
2598 2440 12222
2440 4028 11679
4028 34 11667
34 3319 8775
3319 233 570
233 3681 13238
3681 3281 6994
3281 517 5816
517 3149 4255
3149 2673 4929
2673 2527 6289
2527 2025 8982
2025 3067 8340
3067 1153 7213
1153 3874 4341
3874 835 8594
835 2230 20059
2230 2200 3324
2200 2821 14512
2821 3943 12058
3943 2681 4245
2681 1369 9129
1369 1988 18773
1988 3677 10789
3677 2611 8255
2611 1608 17431
1608 2297 8617
2297 1677 6908
1677 229 6431
229 3368 3212
3368 3209 18063
3209 2735 15686
2735 3035 11053
3035 2701 6522
2701 1526 6743
1526 2817 2507
2817 1954 9065
1954 3534 13682
3534 1094 19777
1094 2265 15836
2265 549 16330
549 2820 11040
2820 1118 20076
1118 2580 13599
2580 3395 13599
3395 3307 12002
3307 1480 12470
1480 1055 10334
1055 900 5252
900 1712 5221
1712 615 7432
615 1084 8247
1084 2910 1778
2910 2285 11369
2285 3778 9957
3778 2663 5305
2663 1881 5494
1881 154 18961
154 1896 8678
1896 2736 9803
2736 2036 5538
2036 4015 9354
4015 851 11498
851 2915 12649
2915 1261 13182
1261 2390 11979
2390 3427 6943
3427 2050 8102
2050 3620 6768
3620 2941 10282
2941 2956 18995
2956 1451 6334
1451 1937 2972
1937 1464 11037
1464 171 7741
171 2500 7472
2500 3577 11229
3577 2912 8515
2912 1151 13464
1151 3483 3399
3483 3248 17047
3248 3096 16988
3096 3040 14784
3040 1275 3556
1275 1437 18518
1437 2199 9835
2199 255 8598
255 1326 2648
1326 1137 3029
1137 3655 19009
3655 78 14072
78 3031 9938
3031 1773 12616
1773 126 10923
126 2825 11569
2825 2093 4264
2093 3700 9751
3700 969 5195
969 1241 16507
1241 2331 11183
2331 4026 21063
4026 1438 4575
1438 3752 18284
3752 1286 3864
1286 1059 9099
1059 442 11835
442 3459 12279
3459 1710 6120
1710 187 8924
187 12 8504
12 3804 9352
3804 1088 13511
1088 908 15066
908 532 4315
532 72 11766
72 3352 16185
3352 1828 14343
1828 3557 6022
3557 406 8518
406 2472 7824
2472 1978 7284
1978 763 2111
763 2257 17252
2257 3544 9512
3544 830 5686
830 1934 7720
1934 633 15839
633 2469 9501
2469 3409 6331
3409 3728 17066
3728 2617 4971
2617 2012 8494
2012 2746 23358
2746 3365 9702
3365 805 5647
805 1424 23233
1424 294 6917
294 3514 11578
3514 2275 20586
2275 2086 12864
2086 692 15252
692 4032 8248
4032 1239 18494
1239 1704 6304
1704 3378 14590
3378 2717 12912
2717 4030 9572
4030 695 5512
695 1254 7449
1254 1388 12263
1388 1355 17731
1355 712 9188
712 2271 17346
2271 505 7436
505 3455 8907
3455 1263 14977
1263 240 9482
240 502 23135
502 3995 9251
3995 775 12327
775 631 1213
631 2049 7040
2049 2442 5575
2442 2562 10794
2562 2205 15715
2205 1297 12095
1297 1114 26930
1114 2266 10098
2266 624 12434
624 1499 13648
1499 2947 6600
2947 1276 3014
1276 992 21865
992 2600 13838
2600 152 22328
152 1168 25763
1168 3779 16613
3779 599 8281
599 2229 9325
2229 4091 4594
4091 971 8936
971 3857 7470
3857 3457 5603
3457 1652 6155
1652 4010 7208
4010 3512 19163
3512 1414 11561
1414 2170 7522
2170 4051 8326
4051 911 11667
911 2048 18504
2048 2633 9473
2633 2120 7916
2120 2242 1158
2242 1718 21373
1718 1800 24393
1800 231 8975
231 174 6775
174 1490 14729
1490 3421 7177
3421 661 8099
661 55 7392
55 373 3808
373 1052 13558
1052 3362 5546
3362 4025 17825
4025 2578 13582
2578 2310 6388
2310 3883 21511
3883 3058 15519
3058 566 11473
566 388 6845
388 2550 17353
2550 2181 7046
2181 2387 14105
2387 1909 6440
1909 4022 7101
4022 874 7676
874 3654 1661
3654 998 10484
998 346 3996
346 1835 7876
1835 2679 16886
2679 2619 3290
2619 3980 7147
3980 2295 16214
2295 3296 15904
3296 1224 19017
1224 1211 3573
1211 2264 18592
2264 1767 12783
1767 3224 19154
3224 1859 16837
1859 27 13783
27 471 6451
471 1666 3120
1666 1856 5205
1856 3283 6846
3283 514 20824
514 2443 26731
2443 2625 14943
2625 1258 10211
1258 926 8927
926 3861 5660
3861 2571 6676
2571 3399 13413
3399 915 17857
915 3863 8345
3863 1354 9077
1354 2274 9058
2274 97 14285
97 1432 8514
1432 3590 10660
3590 1408 14016
1408 3430 7752
3430 2173 4393
2173 437 19077
437 2441 7259
2441 2268 4313
2268 1107 8653
1107 878 8080
878 288 22018
288 861 8283
861 2630 24292
2630 491 10817
491 303 3127
303 689 9702
689 3098 8707
3098 557 6355
557 1757 11202
1757 2749 19627
2749 145 10854
145 2445 13459
2445 1546 3962
1546 2858 12440
2858 3615 11492
3615 1798 11906
1798 2582 6032
2582 257 32409
257 3513 4631
3513 1657 8888
1657 3736 14545
3736 1072 9941
1072 1748 12765
1748 2767 19861
2767 3838 14999
3838 3482 10850
3482 2486 14753
2486 3657 9661
3657 2015 5771
2015 2799 10789
2799 58 11161
58 2906 12073
2906 1284 8301
1284 2675 6609
2675 1048 7060
1048 238 22174
238 3246 36790
3246 161 15934
161 1139 6542
1139 1298 11441
1298 1931 16404
1931 2437 6701
2437 1537 9738
1537 371 11379
371 3017 10515
3017 283 4656
283 2356 2514
2356 913 20234
913 852 8125
852 4073 13769
4073 2131 19985
2131 379 12664
379 1843 23389
1843 247 15072
247 1495 11279
1495 142 4048
142 384 15544
384 1392 6624
1392 2250 8927
2250 1065 17694
1065 825 22332
825 2957 13543
2957 1732 14406
1732 3358 9607
3358 947 9220
947 2612 10874
2612 2383 12462
2383 960 15989
960 2222 7283
2222 2027 14413
2027 261 8737
261 3992 4549
3992 2946 3618
2946 577 4249
577 2001 6878
2001 2448 7274
2448 2631 7090
2631 3715 4919
3715 3661 2010
3661 716 14253
716 4042 11898
4042 2824 3642
2824 1519 4924
1519 3949 9394
3949 3487 8263
3487 1344 13752
1344 2457 7619
2457 2733 3025
2733 3754 4254
3754 3479 4955
3479 3561 16774
3561 1911 18626
1911 3962 3044
3962 556 17469
556 1969 10227
1969 3146 4892
3146 535 11949
535 3785 10800
3785 2952 12486
2952 2884 11436
2884 3219 18993
3219 2834 18836
2834 2848 11989
2848 869 9413
869 564 6609
564 2083 6178
2083 3625 7864
3625 1894 17272
1894 2375 9956
2375 893 8469
893 3742 9071
3742 928 11434
928 3498 4107
3498 620 18836
620 1929 6666
1929 2862 319
2862 4002 11611
4002 3629 12656
3629 2650 3440
2650 19 3136
19 820 10375
820 856 13088
856 45 13704
45 1148 14298
1148 3616 21955
3616 2035 3735
2035 2029 5156
2029 3753 6115
3753 2130 11651
2130 184 9355
184 3725 18112
3725 3780 11067
3780 3875 9296
3875 1334 9340
1334 659 9489
659 822 16965
822 1215 5938
1215 3646 5950
3646 770 3155
770 602 7578
602 2417 3822
2417 2505 15763
2505 1551 5726
1551 2682 13160
2682 4069 1911
4069 2933 14637
2933 739 8846
739 1906 7278
1906 96 5988
96 1036 12603
1036 279 14665
279 1290 22570
1290 3193 9888
3193 1734 3795
1734 2555 6655
2555 944 11183
944 2951 4919
2951 1225 4711
1225 1349 14320
1349 982 12886
982 2202 8725
2202 2079 11433
2079 628 11915
628 1723 7129
1723 3623 14903
3623 2446 17635
2446 59 8159
59 2386 13776
2386 3341 4029
3341 1788 15128
1788 83 5305
83 3490 22446
3490 317 11401
317 3578 17211
3578 1774 23175
1774 3841 11732
3841 3697 10856
3697 3763 4470
3763 1721 1856
1721 1308 18405
1308 488 23061
488 769 11859
769 1739 16592
1739 1159 20499
1159 1195 8096
1195 711 5878
711 2623 9184
2623 30 22120
30 2340 16312
2340 3682 15729
3682 2635 17411
2635 1647 12469
1647 1694 7317
1694 1342 2043
1342 2766 12092
2766 1596 19612
1596 3581 18876
3581 2338 7513
2338 2462 8270
2462 164 11659
164 3351 9560
3351 3527 15113
3527 1108 13076
1108 2511 10868
2511 675 13347
675 2460 1635
2460 3357 9131
3357 3908 7061
3908 1992 2915
1992 2149 12222
2149 421 8421
421 1077 8634
1077 2662 9215
2662 866 17080
866 2163 21245
2163 3873 2460
3873 2588 11925
2588 576 10830
576 2565 12027
2565 2508 4944
2508 612 4005
612 1965 4926
1965 82 6387
82 2638 10149
2638 399 5461
399 497 6790
497 2325 22853
2325 2567 15500
2567 213 7175
213 209 10206
209 2336 6966
2336 512 12065
512 448 10786
448 3572 8537
3572 1632 13835
1632 2091 6620
2091 1972 11725
1972 54 10730
54 622 12900
622 3206 19818
3206 3007 17654
3007 2769 18157
2769 1202 2533
1202 970 6538
970 3923 7092
3923 1959 16958
1959 3215 2285
3215 4029 1637
4029 1871 17321
1871 268 13541
268 3716 3052
3716 2902 4941
2902 3562 17019
3562 3982 7837
3982 533 12083
533 953 5964
953 3959 3022
3959 215 10228
215 3508 669
3508 2349 5369
2349 2128 14285
2128 2516 4858
2516 3758 21312
3758 508 3350
508 1660 13935
1660 1212 26778
1212 400 23682
400 924 13509
924 3651 2091
3651 425 2329
425 3342 9401
3342 657 4805
657 2558 16395
2558 3027 5702
3027 285 8345
285 611 8902
611 3852 11648
3852 33 17498
33 586 19024
586 1659 8834
1659 1478 25019
1478 3946 10371
3946 1372 6619
1372 1772 3710
1772 2003 18818
2003 419 9103
419 3842 8763
3842 4057 15046
4057 799 9223
799 3 10268
3 151 7087
151 1234 10435
1234 2420 9912
2420 2984 27853
2984 791 26809
791 3080 10927
3080 3918 9730
3918 590 9717
590 1201 7506
1201 3558 7858
3558 730 9775
730 1621 21066
1621 2068 26908
2068 1169 18504
1169 748 6947
748 3166 9000
3166 2096 9000
2096 2744 8251
2744 3564 5002
3564 4 8854
4 3188 8611
3188 2929 19098
2929 3270 13004
3270 138 7140
138 2461 15467
2461 2061 14080
2061 905 11454
905 262 7979
262 2228 11875
2228 2385 8367
2385 2032 7779
2032 2930 6672
2930 696 10593
696 380 9932
380 1998 1634
1998 3810 24322
3810 1589 15441
1589 2496 18144
2496 1811 7249
1811 2301 4279
2301 2137 13367
2137 3653 20011
3653 1812 5705
1812 1567 6414
1567 2757 12772
2757 2922 5225
2922 3317 9628
3317 368 16968
368 3413 5974
3413 2279 13577
2279 1501 23665
1501 236 3387
236 1000 1506
1000 3894 23220
3894 1080 18983
1080 3950 8882
3950 3205 7954
3205 3611 25782
3611 243 14944
243 2907 12946
2907 3610 5751
3610 1516 11606
1516 2155 17727
2155 2234 16381
2234 169 29601
169 1197 16109
1197 974 1952
974 38 19846
38 1686 15040
1686 3257 10023
3257 128 10595
128 62 21025
62 1477 7290
1477 1941 14753
1941 3667 4765
3667 2983 14684
2983 3926 4050
3926 140 10098
140 3782 10399
3782 3238 10205
3238 2962 3638
2962 3330 11448
3330 446 7314
446 2764 13543
2764 2261 6831
2261 1124 11936
1124 2689 718
2689 2973 13145
2973 3882 13713
3882 3202 4680
3202 3600 22932
3600 3834 14996
3834 744 14354
744 2857 12295
2857 1028 13820
1028 958 12053
958 2795 17023
2795 1687 4774
1687 338 4302
338 1500 4774
1500 2362 11158
2362 3777 15093
3777 270 4480
270 3170 10360
3170 838 10224
838 1814 4815
1814 3369 8321
3369 2185 20299
2185 3189 19296
3189 362 6052
362 3359 1441
3359 3275 16553
3275 890 11085
890 1476 20578
1476 2522 12872
2522 709 15512
709 2125 9051
2125 2512 11154
2512 4040 13212
4040 2306 12052
2306 436 9973
436 2210 15315
2210 359 12209
359 3423 5153
3423 1785 4340
1785 3550 8019
3550 699 13046
699 2423 3665
2423 1741 9456
1741 1294 5711
1294 1530 6984
1530 4012 4642
4012 2033 19248
2033 3953 5911
3953 1646 11909
1646 1283 10063
1283 605 7966
605 729 17281
729 765 3290
765 2854 4965
2854 402 13264
402 2438 4320
2438 3641 5963
3641 277 19175
277 1039 4092
1039 2864 7450
2864 1624 21983
1624 828 2548
828 3582 1706
3582 2955 6546
2955 724 16070
724 2468 5816
2468 4011 11361
4011 3846 16720
3846 211 18642
211 919 7976
919 2221 13856
2221 1738 12535
1738 1444 16077
1444 522 7822
522 2498 10438
2498 2243 12029
2243 2572 9672
2572 1547 5834
1547 882 19393
882 2067 11329
2067 4035 16646
4035 3343 22807
3343 3803 24862
3803 2162 7060
2162 1990 16120
1990 3126 4967
3126 182 13510
182 1047 14615
1047 3201 6875
3201 2755 9216
2755 2038 5260
2038 3462 3399
3462 3691 19271
3691 1777 2341
1777 2669 6886
2669 3397 6042
3397 1631 8835
1631 2422 3813
2422 3814 11041
3814 2885 8627
2885 1359 2983
1359 3272 7855
3272 1186 9626
1186 1242 9995
1242 548 6333
548 2157 6915
2157 1157 10164
1157 3052 13681
3052 2370 16247
2370 3708 12903
3708 3005 16618
3005 641 22310
641 3815 18013
3815 3945 16034
3945 1356 21996
1356 3898 13636
3898 1443 13780
1443 2557 22018
2557 3016 16850
3016 1793 12760
1793 1196 6855
1196 1441 6376
1441 3893 4057
3893 186 14689
186 503 4057
503 1498 16444
1498 1907 5720
1907 1598 6844
1598 1218 4984
1218 4048 11002
4048 3376 8363
3376 637 9844
637 3354 7749
3354 3871 18113
3871 1309 4515
1309 1040 19749
1040 3888 13595
3888 2853 6617
2853 1163 17899
1163 3977 10930
3977 1815 17513
1815 1192 25149
1192 3370 16438
3370 2212 17356
2212 4005 5881
4005 1378 18940
1378 1758 11326
1758 49 12272
49 206 13812
206 1872 5189
1872 3179 12922
3179 2497 11100
2497 1092 23713
1092 1861 16732
1861 686 3846
686 1459 8068
1459 2626 10415
2626 683 7128
683 1860 6122
1860 1120 8099
1120 2645 9349
2645 2803 16045
2803 3122 13557
3122 2546 1647
2546 1002 19231
1002 2622 15926
2622 2367 9920
2367 3503 5675
3503 2846 6543
2846 2479 7091
2479 2245 10351
2245 2816 15515
2816 290 11900
290 1991 5649
1991 1697 11097
1697 2697 10127
2697 601 5985
601 2132 14518
2132 418 5770
418 4078 7941
4078 1544 17780
1544 453 16472
453 3060 5801
3060 2471 12318
2471 1755 4533
1755 860 7113
860 996 5759
996 685 4467
685 3434 4528
3434 1352 5950
1352 3890 12097
3890 3721 14003
3721 3350 27191
3350 363 8649
363 2116 16442
2116 3448 26371
3448 3008 11882
3008 3469 2468
3469 2494 34436
2494 1253 16498
1253 120 4989
120 3675 13166
3675 1335 6538
1335 678 10680
678 4074 22148
4074 1558 13010
1558 978 8289
978 785 6172
785 3552 8770
3552 3727 15931
3727 2564 8191
2564 84 14708
84 3745 902
3745 441 14958
441 4094 9290
4094 3322 18205
3322 1874 11773
1874 4046 12502
4046 2830 11735
2830 342 14005
342 2506 7182
2506 2901 6849
2901 144 11895
144 4059 17126
4059 2231 3388
2231 2704 6917
2704 3631 5034
3631 3711 10310
3711 2970 20071
2970 1160 4170
1160 1613 12727
1613 2953 18064
2953 871 21332
871 499 3723
499 1037 7663
1037 25 19097
25 608 13835
608 3722 17943
3722 414 11938
414 2537 14461
2537 3041 3745
3041 4055 17373
4055 803 21616
803 3586 6798
3586 1816 24709
1816 4093 25678
4093 2359 7718
2359 189 11704
189 4085 25757
4085 1081 18098
1081 1984 5212
1984 2180 6435
2180 2069 11199
2069 1074 15907
1074 658 22589
658 2018 6802
2018 596 12305
596 3212 21875
3212 2693 11504
2693 1431 10667
1431 2966 12712
2966 1916 7493
1916 3474 9291
3474 3445 21237
3445 3805 15189
3805 3968 24937
3968 1876 3948
1876 3235 16221
3235 3367 5151
3367 3595 4522
3595 2831 9465
2831 2528 7966
2528 1554 12179
1554 3944 16703
3944 1193 11022
1193 424 3350
424 1618 20354
1618 638 9475
638 2724 3568
2724 585 13043
585 2282 15316
2282 1467 22920
1467 1483 19326
1483 3231 6146
3231 438 11176
438 1262 2206
1262 3110 14541
3110 1639 12924
1639 395 11609
395 3405 15308
3405 629 6234
629 4000 9800
4000 3767 9278
3767 2190 20156
2190 3648 4457
3648 474 9944
474 1668 14053
1668 3599 11216
3599 3881 2861
3881 2133 15744
2133 375 6592
375 2235 12728
2235 2932 9909
2932 1460 26207
1460 1792 7212
1792 2309 9433
2309 3144 18261
3144 2139 19168
2139 427 11839
427 1885 11854
1885 41 5831
41 3091 19624
3091 3152 9677
3152 3136 800
3136 3073 14100
3073 3301 15873
3301 1406 14432
1406 3451 16278
3451 3915 6467
3915 3280 37855
3280 551 32691
551 1413 2775
1413 3472 14276
3472 986 7645
986 3694 12290
3694 2586 14021
2586 2071 10181
2071 3464 8395
3464 513 4091
513 2843 2715
2843 2865 16775
2865 3418 9625
3418 1079 20279
1079 3074 16710
3074 365 17084
365 3858 15433
3858 2699 17121
2699 3312 9413
3312 3387 15456
3387 2031 9823
2031 1061 10806
1061 735 2499
735 3442 5870
3442 1945 14478
1945 298 9978
298 3318 6230
3318 546 1417
546 2938 10338
2938 3100 14428
3100 3981 16341
3981 1787 15245
1787 3793 11660
3793 2255 9270
2255 190 16028
190 3174 8072
3174 3885 14981
3885 122 6220
122 2840 9424
2840 1353 3615
1353 703 15455
703 786 18684
786 995 11139
995 1845 11758
1845 3529 13820
3529 873 3381
873 112 9963
112 3015 19211
3015 1064 10253
1064 3502 7109
3502 3187 20427
3187 183 7191
183 3580 7422
3580 1982 6315
1982 2041 6203
2041 2176 13139
2176 2647 24229
2647 3076 15423
3076 3676 18302
3676 1091 16393
1091 1582 17377
1582 74 17022
74 2958 14746
2958 1329 12482
1329 1333 8497
1333 2606 2710
2606 2492 17580
2492 2398 14208
2398 671 31389
671 3140 7485
3140 2773 11079
2773 1398 15004
1398 3955 8157
3955 478 3358
478 455 4000
455 393 31190
393 3162 12641
3162 487 15582
487 2392 9244
2392 632 9614
632 1636 2393
1636 69 9530
69 2542 8291
2542 625 5341
625 2198 8835
2198 3704 14088
3704 1270 21682
1270 1150 22243
1150 3695 13883
3695 2695 13513
2695 1949 24569
1949 1318 14998
1318 3705 2074
3705 287 13876
287 3585 15987
3585 1453 5242
1453 904 7427
904 4067 12094
4067 3913 14537
3913 3591 9817
3591 1005 9835
1005 664 10987
664 439 6128
439 2649 17787
2649 104 15951
104 1269 9362
1269 3847 19299
3847 1844 26365
1844 3223 6084
3223 465 11650
465 3025 2105
3025 1321 16790
1321 741 13255
741 2518 8567
2518 2972 8763
2972 473 9096
473 3167 5834
3167 2995 8901
2995 985 20574
985 163 33046
163 220 16064
220 2887 9608
2887 3439 5489
3439 2134 4188
2134 173 12301
173 2559 15714
2559 877 13260
877 114 6745
114 1056 9082
1056 218 20264
218 1932 2316
1932 1226 13188
1226 898 11964
898 3194 10871
3194 3609 7384
3609 1664 6915
1664 764 4350
764 984 17178
984 3321 9965
3321 3029 9165
3029 772 3152
772 2263 9372
2263 334 19049
334 1133 12899
1133 2138 19311
2138 3910 24323
3910 1267 14281
1267 2236 13075
2236 2781 10139
2781 2195 18131
2195 961 16724
961 1520 19688
1520 538 8737
538 32 16317
32 3840 8259
3840 1997 8782
1997 2148 10769
2148 3033 11666
3033 75 14379
75 3832 14449
3832 3746 15371
3746 2529 22344
2529 894 6022
894 2196 14658
2196 3845 18748
3845 2514 9675
2514 447 18398
447 3628 11575
3628 1235 15553
1235 3208 3538
3208 2776 4823
2776 3978 10896
3978 263 24079
263 1184 21347
1184 1973 7703
1973 3175 20013
3175 1323 16964
1323 1082 23735
1082 467 25161
467 1296 26699
1296 1255 18494
1255 983 10701
983 2037 2876
2037 4096 10310
4096 1102 23552
1102 1109 5241
1109 2532 16385
2532 3797 6242
3797 927 10062
927 2361 24241
2361 482 20883
482 1778 4267
1778 1090 4725
1090 4095 8883
4095 3298 2408
3298 1831 19927
1831 2772 16812
2772 795 15240
795 1975 11042
1975 1614 2730
1614 139 18519
139 2280 12793
2280 1824 10280
1824 524 5489
524 2793 11709
2793 1649 26783
1649 792 9033
792 567 17062
567 875 5728
875 16 22369
16 1768 15357
1768 644 4284
644 280 3825
280 4082 8010
4082 1968 6812
1968 1140 7938
1140 934 11500
934 48 12593
48 1182 8860
1182 3190 28659
3190 3250 28748
3250 3253 21481
3253 1938 3846
1938 3485 5561
3485 2379 395
2379 3155 9686
3155 3271 786
3271 563 5393
563 2734 8374
2734 3647 12608
3647 1210 7405
1210 1801 12065
1801 1216 15068
1216 2217 13328
2217 2990 17846
2990 2335 5427
2335 3230 6537
3230 3097 18832
3097 853 5873
853 494 13947
494 2305 14496
2305 1222 15971
1222 2372 2501
2372 3227 5671
3227 1249 25422
1249 3567 6940
3567 845 23370
845 2070 10073
2070 1703 12155
1703 857 9384
857 2040 15401
2040 1228 16036
1228 2728 10800
2728 2608 5332
2608 3820 15201
3820 2488 16895
2488 1653 16207
1653 948 19420
948 2771 14276
2771 3525 17164
3525 2145 3182
2145 1073 2161
1073 3088 7431
3088 1832 7678
1832 201 11195
201 177 9330
177 2478 12775
2478 2688 17570
2688 840 4071
840 3373 18637
3373 1771 10968
1771 901 968
901 2077 7213
2077 57 2799
57 1304 4202
1304 1836 15762
1836 2487 16471
2487 1920 17944
1920 3974 19332
3974 355 27141
355 486 7217
486 2838 9385
2838 2792 11197
2792 272 12526
272 1794 11288
1794 1700 16456
1700 2989 17125
2989 2410 5771
2410 3204 15397
3204 2992 15647
2992 239 16138
239 2431 9738
2431 1581 11032
1581 698 13922
698 1472 4134
1472 3633 26919
3633 1340 4511
1340 2672 3135
2672 2254 1539
2254 1642 28128
1642 51 15847
51 1525 10186
1525 1506 14815
1506 2779 14355
2779 1101 9271
1101 579 22621
579 3942 21592
3942 2861 6211
2861 3064 8837
3064 959 7611
959 2961 2240
2961 2590 7215
2590 1364 4183
1364 2030 26412
2030 808 1845
808 3141 12932
3141 2994 7838
2994 2095 13489
2095 1177 4109
1177 3732 8533
3732 2894 11625
2894 1143 12627
1143 463 7692
463 2267 16660
2267 2352 8168
2352 1279 4679
1279 1281 12605
1281 3899 6768
3899 3273 17132
3273 336 10207
336 1397 12699
1397 372 3692
372 2153 15077
2153 2318 15745
2318 3432 7999
3432 3579 11027
3579 2156 4499
2156 1245 14970
1245 137 8446
137 3123 12135
3123 248 17280
248 1784 12091
1784 1410 16026
1410 253 15705
253 4090 18917
4090 2739 12485
2739 1533 12093
1533 4047 15070
4047 302 9950
302 1833 8918
1833 308 14572
308 3869 22609
3869 2593 7948
2593 3825 8344
3825 2716 10141
2716 2536 19882
2536 3461 7502
3461 1952 13949
1952 1786 15298
1786 46 13578
46 3713 8109
3713 2563 8868
2563 3066 9876
3066 582 9429
582 2142 9254
2142 3924 7669
3924 5 20928
5 3712 22952
3712 2204 11864
2204 1804 9226
1804 831 2673
831 997 10091
997 3489 6295
3489 3612 6766
3612 267 3919
267 862 9368
862 3833 3487
3833 646 16097
646 1921 11053
1921 351 13801
351 3034 7652
3034 1769 12237
1769 957 18407
957 1950 17050
1950 1696 6686
1696 3624 12529
3624 423 10873
423 3717 12735
3717 2183 19669
2183 3101 4236
3101 554 15148
554 203 10402
203 3505 19140
3505 1603 2990
1603 3024 12929
3024 3068 5907
3068 1902 14777
1902 2918 12303
2918 3329 10781
3329 1078 4484
1078 485 4378
485 1332 9273
1332 3895 9796
3895 53 11131
53 3345 10129
3345 312 8417
312 3735 16600
3735 2943 7999
2943 607 2080
607 3344 17207
3344 3571 11039
3571 1293 16002
1293 3523 12316
3523 1198 5663
1198 542 16517
542 3139 4248
3139 3388 3550
3388 1630 7782
1630 560 13733
560 3884 12370
3884 2197 5333
2197 1496 8495
1496 1428 12490
1428 1708 1624
1708 196 7784
196 1817 17749
1817 3806 9181
3806 3137 16194
3137 964 19447
964 3517 7076
3517 340 22364
340 2561 12216
2561 1766 15459
1766 2895 18909
2895 1083 15809
1083 1993 2963
1993 906 2163
906 1098 3527
1098 2589 5174
2589 1433 6066
1433 3495 22346
3495 1473 11944
1473 2039 11415
2039 1051 13703
1051 1486 1589
1486 2794 16299
2794 3714 6921
3714 4034 11282
4034 1250 14552
1250 254 14122
254 1141 19510
1141 1423 8072
1423 2692 16254
2692 1466 17182
1466 1343 21932
1343 3798 6703
3798 60 6485
60 738 10956
738 1584 9696
1584 2008 5336
2008 241 8760
241 3664 6083
3664 2660 6860
2660 1735 11068
1735 2715 10933
2715 1489 3371
1489 3284 23992
3284 1485 16645
1485 1667 16500
1667 2982 9118
2982 1375 16068
1375 2634 9635
2634 534 4436
534 1791 14845
1791 3710 13397
3710 2979 12512
2979 1213 17006
1213 848 9904
848 2317 10407
2317 1156 332
1156 2624 4438
2624 736 15721
736 3412 4839
3412 4001 18607
4001 935 21695
935 1935 6087
1935 3326 8472
3326 102 6737
102 4071 2643
4071 3013 6346
3013 1399 7547
1399 3121 11437
3121 1826 3533
1826 2914 5831
2914 3468 6059
3468 2485 7195
2485 776 4520
776 2657 14576
2657 3002 25272
3002 15 14538
15 2802 10149
2802 4086 18878
4086 3157 8428
3157 2980 12693
2980 2276 6635
2276 477 17725
477 2427 10273
2427 2316 11343
2316 2467 7326
2467 3903 11058
3903 3333 10006
3333 749 13454
749 1564 10788
1564 2981 15568
2981 3120 15489
3120 3403 6035
3403 2602 11022
2602 328 12234
328 3156 13731
3156 2674 14320
2674 1967 18807
1967 3406 15997
3406 2286 39142
2286 1536 10786
1536 2051 19014
2051 562 17759
562 3822 28824
3822 475 11310
475 2540 9060
2540 1223 16409
1223 2087 11866
2087 4033 5790
4033 545 10874
545 941 16914
941 3734 8505
3734 2891 15895
2891 1947 12197
1947 426 21673
426 2533 18844
2533 2380 9207
2380 1706 5594
1706 1442 8084
1442 756 9364
756 3563 28680
3563 1429 23996
1429 2226 15610
2226 2790 7481
2790 2614 9157
2614 1760 9087
1760 1759 4544
1759 3288 14464
3288 1899 12881
1899 1958 7586
1958 1813 12105
1813 3037 2015
3037 2963 16480
2963 2258 18380
2258 1795 8378
1795 2090 4172
2090 1867 9998
1867 1417 11524
1417 1691 6945
1691 3537 10384
3537 2916 14622
2916 1370 10986
1370 648 4794
648 2581 18131
2581 3760 32589
3760 1743 3285
1743 2112 9510
2112 2475 4975
2475 3652 21466
3652 89 13239
89 1132 1650
1132 1115 4451
1115 965 8858
965 2991 11967
2991 2677 14202
2677 2329 17335
2329 3770 9279
3770 3621 4736
3621 854 15346
854 2967 11039
2967 2604 20259
2604 3692 8214
3692 3906 4069
3906 3466 8955
3466 1776 3420
1776 3163 9942
3163 1753 23531
1753 3668 9077
3668 1377 24412
1377 2368 22324
2368 1435 14521
1435 429 6409
429 1955 15594
1955 304 9691
304 529 7707
529 2022 3246
2022 3984 6025
3984 1737 11951
1737 2053 12936
2053 3553 17206
3553 4079 18102
4079 3332 11263
3332 1232 4169
1232 324 6708
324 3071 8485
3071 3626 10898
3626 3818 14135
3818 3617 9838
3617 4007 4102
4007 2948 6166
2948 1957 15009
1957 3688 11747
3688 3154 13521
3154 1858 16227
1858 1475 13970
1475 723 16419
723 1820 17619
1820 2355 2906
2355 3896 16923
3896 1690 10132
1690 2751 9985
2751 3554 25036
3554 3936 22664
3936 3243 13234
3243 3424 9061
3424 2892 4827
2892 3197 11048
3197 1096 17679
1096 335 20251
335 1008 9380
1008 374 4650
374 3087 6023
3087 2323 17266
2323 3176 1175
3176 3081 4265
3081 1311 2688
1311 3960 2423
3960 650 2720
650 2272 6855
2272 2551 15164
2551 4084 3470
4084 3072 9053
3072 1910 3351
1910 2935 5450
2935 1585 13162
1585 457 5977
457 731 4912
731 2213 13753
2213 2426 10892
2426 2869 5352
2869 1317 12918
1317 747 18444
747 3891 1874
3891 3018 7662
3018 2788 15441
2788 1599 7071
1599 3877 13883
3877 1347 19499
1347 413 17403
413 3119 13783
3119 1070 20277
1070 2616 5555
2616 981 12333
981 2539 8878
2539 525 13871
525 286 10079
286 1711 25236
1711 354 11266
354 2344 18126
2344 3759 12223
3759 3436 10279
3436 850 21455
850 737 9462
737 495 19144
495 3500 16617
3500 1514 9348
1514 3799 17958
3799 2867 19048
2867 8 5089
8 160 21522
160 111 11191
111 3673 1484
3673 2595 15837
2595 2700 7238
2700 483 5402
483 1633 6621
1633 990 13262
990 2477 11732
2477 1390 7786
1390 3256 5502
3256 597 8460
597 2414 3947
2414 3548 6558
3548 2818 10872
2818 3817 13462
3817 2315 11686
2315 2166 11661
2166 783 10561
783 1117 11409
1117 2651 5480
2651 2752 19105
2752 3447 6203
3447 649 6185
649 3644 7970
3644 2708 4523
2708 2465 11592
2465 3969 14664
3969 353 8833
353 591 18420
591 1552 12259
1552 2801 8365
2801 3773 3147
3773 2859 11618
2859 767 4046
767 2666 12421
2666 3211 18468
3211 224 13497
224 3666 25107
3666 1185 27863
1185 2240 16194
2240 2347 5779
2347 3042 15890
3042 3747 6131
3747 493 4699
493 3222 3438
3222 1744 12221
1744 883 10202
883 2161 8581
2161 2765 6074
2765 1849 7606
1849 3226 26377
3226 445 10970
445 3481 15384
3481 1808 4747
1808 2188 11377
2188 202 16132
202 3813 11084
3813 3524 2212
3524 623 1053
623 754 18735
754 2632 10543
2632 1366 3689
1366 1227 5999
1227 2544 19547
2544 702 14915
702 109 9606
109 1130 9636
1130 2419 16864
2419 3948 22020
3948 3131 7668
3131 2158 5029
2158 1662 11716
1662 2357 1028
2357 2594 11273
2594 4089 9373
4089 172 7513
172 2934 3765
2934 176 12571
176 170 14329
170 3912 3363
3912 1717 5507
1717 669 10230
669 2353 8455
2353 3743 12074
3743 1523 14801
1523 2019 10509
2019 3887 12616
3887 337 20233
337 2636 13600
2636 40 12024
40 3831 9659
3831 806 4806
806 1684 6243
1684 90 11023
90 833 11438
833 386 13746
386 751 12065
751 3093 5896
3093 1126 24383
1126 2174 13512
2174 3909 5896
3909 571 12786
571 2016 17690
2016 2399 12220
2399 3168 8237
3168 1790 18538
1790 752 11911
752 278 9157
278 3328 9179
3328 1980 6613
1980 3914 9684
3914 1676 10486
1676 4053 6775
4053 876 12791
876 2610 18375
2610 2833 7433
2833 3650 14606
3650 198 5008
198 3161 10117
3161 1976 5118
1976 396 8857
396 118 5793
118 1682 7863
1682 1430 3333
1430 2722 4876
2722 867 14025
867 627 10466
627 3602 25343
3602 3207 11089
3207 1010 19308
1010 3784 29636
3784 226 13960
226 728 7893
728 307 4860
307 22 15650
22 3019 14941
3019 3587 3477
3587 1302 7928
1302 1571 7713
1571 1179 14675
1179 1763 12755
1763 2481 7821
2481 3095 17598
3095 2010 5147
2010 4068 6416
4068 1256 10072
1256 1651 22813
1651 2314 6013
2314 618 16079
618 3802 11989
3802 1869 13201
1869 2073 14168
2073 2152 1295
2152 323 10221
323 2052 17619
2052 454 5922
454 2092 8024
2092 2146 15308
2146 1908 17453
1908 2800 3766
2800 3671 16671
3671 3331 6255
3331 1219 15063
1219 99 8007
99 410 5453
410 361 15068
361 681 12228
681 1144 10894
1144 536 9781
536 2850 14092
2850 1376 14267
1376 1900 7479
1900 2089 12293
2089 1394 5306
1394 1029 9275
1029 66 10455
66 1573 7656
1573 720 5613
720 2376 8824
2376 1089 18466
1089 652 10633
652 3229 19815
3229 561 17092
561 3196 11222
3196 2888 6683
2888 1873 9991
1873 119 11768
119 3429 12017
3429 3300 12788
3300 1337 5093
1337 449 10139
449 3560 2811
3560 480 7723
480 345 15597
345 85 13629
85 2080 19262
2080 155 7790
155 3379 17716
3379 2535 6194
2535 3900 9921
3900 3108 17072
3108 3086 13817
3086 725 13270
725 4077 28593
4077 3956 11766
3956 2074 10140
2074 1943 11588
1943 583 2413
583 481 4955
481 61 1829
61 3159 7306
3159 1327 5677
1327 3475 17835
3475 1481 14744
1481 339 25359
339 1178 15558
1178 1330 18715
1330 2763 20573
2763 3476 7913
3476 3411 16045
3411 392 21340
392 3440 4772
3440 101 1936
101 643 9042
643 1733 3203
1733 3750 1277
3750 3125 11619
3125 2253 14001
2253 292 13251
292 3989 19946
3989 1014 12672
1014 2754 3224
2754 814 8230
814 3374 9525
3374 2206 1637
2206 3277 9022
3277 3438 12137
3438 2937 7938
2937 2182 20308
2182 401 6554
401 2904 25767
2904 1362 21199
1362 1915 18744
1915 3109 10149
3109 1022 9618
1022 306 11830
306 3124 18785
3124 979 13872
979 4020 1114
4020 1591 1964
1591 3886 38314
3886 2549 23467
2549 2913 18590
2913 2075 8382
2075 2114 7217
2114 1009 11255
1009 2591 10702
2591 2167 10985
2167 3774 5340
3774 858 574
858 3967 12285
3967 574 3594
574 387 14481
387 3240 5386
3240 37 5765
37 2406 7624
2406 1511 15932
1511 1457 9184
1457 2327 9756
2327 2179 17382
2179 3346 13620
3346 219 20821
219 1439 24599
1439 3210 12847
3210 1922 19305
1922 222 8634
222 3315 5435
3315 1167 24419
1167 3181 4920
3181 2291 1669
2291 4065 18570
4065 1121 11738
1121 3707 4105
3707 989 10979
989 3829 26559
3829 210 30102
210 2108 16027
2108 2429 7284
2429 3011 3914
3011 2798 6273
2798 2428 9088
2428 1543 12942
1543 645 7392
645 2603 13519
2603 2552 10045
2552 244 11986
244 366 9770
366 2827 6384
2827 3449 11989
3449 2909 17194
2909 1134 13209
1134 2118 7448
2118 1018 5590
1018 2694 25214
2694 2960 8006
2960 1701 4032
1701 3929 7485
3929 937 13381
937 1597 6371
1597 80 14986
80 2615 3164
2615 868 15933
868 81 11664
81 1736 10255
1736 758 7503
758 416 13636
416 3619 22889
3619 3726 12717
3726 3930 16478
3930 1357 2221
1357 3382 7465
3382 1561 7559
1561 3964 7195
3964 3851 18464
3851 498 8858
498 2721 17810
2721 1470 13857
1470 2322 1975
2322 3473 7098
3473 1948 12358
1948 3363 10451
3363 1017 12930
1017 1152 13581
1152 781 16845
781 2299 6652
2299 3663 18148
3663 4044 13287
4044 1837 9753
1837 3531 7440
3531 2262 16478
2262 3408 15896
3408 581 1173
581 2147 3315
2147 385 9064
385 1868 23310
1868 259 13196
259 3862 9398
3862 704 19622
704 2680 17919
2680 3285 5355
3285 3237 6836
3237 103 5841
103 2905 5998
2905 879 6434
879 510 4484
510 3509 13426
3509 530 14057
530 755 10218
755 3689 5069
3689 1963 7636
1963 3443 2102
3443 1870 6244
1870 1830 15756
1830 773 9796
773 2284 4290
2284 1775 11207
1775 3366 7840
3366 221 18671
221 50 7191
50 1645 11412
1645 3377 6845
3377 963 9815
963 3216 10355
3216 1469 8657
1469 3145 4812
3145 1188 10575
1188 1893 18117
1893 1166 14228
1166 665 15441
665 3372 1100
3372 3788 10035
3788 2538 20384
2538 2541 7949
2541 2354 2064
2354 1670 11149
1670 2999 8445
2999 1635 8079
1635 408 12484
408 1306 6113
1306 458 11643
458 3718 10031
3718 156 4388
156 2333 9224
2333 3309 13069
3309 3492 8654
3492 3665 11866
3665 18 5487
18 2855 18410
2855 1683 5275
1683 2648 3771
2648 165 18939
165 3092 17054
3092 3410 10977
3410 2104 7218
2104 797 8626
797 1562 9744
1562 131 16635
131 1656 1433
1656 3304 2959
3304 3640 10613
3640 1240 3253
1240 2927 3837
2927 3843 16852
3843 3416 12141
3416 3258 13677
3258 1529 17487
1529 3510 16121
3510 428 8956
428 2875 6693
2875 3311 13216
3311 2474 5117
2474 516 7634
516 1818 5686
1818 2319 10581
2319 3919 1327
3919 812 16849
812 1654 21124
1654 2164 10099
2164 3630 8503
3630 2177 3119
2177 56 4032
56 26 306
26 4066 15256
4066 694 2444
694 107 12460
107 3164 13938
3164 1898 4896
1898 691 27041
691 610 11212
610 3488 1314
3488 1374 7946
1374 2006 2248
2006 2893 8877
2893 3262 14041
3262 2847 6475
2847 127 8429
127 2455 26469
2455 872 17010
872 225 5523
225 1542 7462
1542 1510 19705
1510 2004 7411
2004 3576 12336
3576 3065 6585
3065 39 10762
39 281 5268
281 1122 8774
1122 2920 11861
2920 2078 17322
2078 708 7353
708 377 6540
377 1361 12499
1361 1208 6386
1208 1780 10175
1780 3889 12925
3889 1379 17218
1379 1367 5589
1367 1380 12206
1380 2823 18642
2823 195 28456
195 1049 6657
1049 3749 19968
3749 1913 16556
1913 3433 7235
3433 1615 10726
1615 3415 16128
3415 153 13993
153 289 14159
289 2453 447
2453 3672 13563
3672 3084 1780
3084 3632 8253
3632 1171 9939
1171 3116 14540
3116 489 12099
489 1960 6524
1960 2556 5300
2556 466 3619
466 2520 7563
2520 1917 17285
1917 809 10810
809 1268 5308
1268 2774 12972
2774 1829 14437
1829 2712 21505
2712 2351 6105
2351 1146 10523
1146 3053 5206
3053 348 5268
348 3540 9003
3540 116 6365
116 3471 8660
3471 2373 18771
2373 2797 18495
2797 4031 24785
4031 469 5372
469 726 31945
726 2719 14108
2719 2509 22992
2509 570 32706
570 2882 26612
2882 3338 7731
3338 3134 2759
3134 2434 12238
2434 1221 16817
1221 129 11874
129 92 10853
92 3935 9687
3935 925 14177
925 2658 7155
2658 3151 10289
3151 1319 9385
1319 4009 16000
4009 3306 6193
3306 3515 12674
3515 1345 13684
1345 660 11968
660 3486 6450
3486 2949 6830
2949 2523 6260
2523 2259 18633
2259 2034 12770
2034 2690 9718
2690 3933 1817
3933 2812 10717
2812 2971 15827
2971 3867 9495
3867 1730 10790
1730 892 7097
892 3347 8766
3347 3111 12331
3111 3934 19432
3934 1834 8638
1834 3278 15671
3278 3927 12143
3927 555 13158
555 2696 15124
2696 2566 15728
2566 1468 12433
1468 1518 20972
1518 2495 20442
2495 2750 10725
2750 2005 10728
2005 3589 3751
3589 1563 9994
1563 1864 23830
1864 635 5211
635 3636 7556
3636 3533 2486
3533 2944 10535
2944 3526 14892
3526 2924 10542
2924 3541 7035
3541 1484 9152
1484 3078 1183
3078 1673 12905
1673 3607 13806
3607 647 21898
647 1961 5340
1961 1401 26320
1401 895 9996
895 4062 15767
4062 432 16027
432 943 13740
943 1576 11624
1576 3266 12180
3266 246 7298
246 2435 9819
2435 3683 15086
3683 2577 10560
2577 3594 1444
3594 3325 7958
3325 3613 11669
3613 166 5615
166 789 7276
789 3083 6681
3083 476 5027
476 2836 12034
2836 1865 15373
1865 47 12395
47 1857 13341
1857 125 11720
125 2219 21169
2219 891 13165
891 3787 3994
3787 1680 5067
1680 1106 3234
1106 3904 2397
3904 1724 15916
1724 2908 13252
2908 264 10453
264 2814 7615
2814 2043 15167
2043 1545 4569
1545 2547 12875
2547 3417 8539
3417 1021 20007
1021 3768 5486
3768 3173 17528
3173 1138 12672
1138 2187 7923
2187 2965 5810
2965 1888 6181
1888 376 16057
376 3807 9261
3807 412 3877
412 1527 2776
1527 680 2338
680 2009 9423
2009 3618 5665
3618 3952 11347
3952 1565 5152
1565 2620 11369
2620 1119 10967
1119 3990 6552
3990 864 5704
864 2294 8823
2294 1549 9692
1549 3419 10871
3419 1803 9267
1803 1595 8990
1595 1797 7129
1797 1944 14910
1944 4021 13044
4021 2241 10385
2241 1023 9932
1023 1927 5463
1927 3937 10768
3937 1541 8746
1541 3546 3317
3546 3217 18603
3217 2172 15284
2172 2358 18825
2358 3089 19388
3089 2150 30106
2150 147 15689
147 2215 6522
2215 4038 4353
4038 2020 21767
2020 903 15570
903 1878 9820
1878 1265 11564
1265 1853 8388
1853 260 19506
260 2856 11629
2856 1707 13791
1707 3656 5562
3656 1382 18701
1382 1729 2333
1729 1745 11684
1745 3316 10365
3316 333 10893
333 523 14019
523 331 2827
331 3596 9534
3596 461 6031
461 3214 7806
3214 3570 6039
3570 802 13421
802 1692 6716
1692 1425 18583
1425 938 4073
938 2302 6806
2302 3244 21336
3244 800 21658
800 569 5484
569 2439 5417
2439 2122 19883
2122 2709 20850
2709 2714 14481
2714 1316 15142
1316 565 7107
565 550 21783
550 10 20955
10 2691 24533
2691 3849 17238
3849 3059 21043
3059 1100 3948
1100 1312 4337
1312 2718 28127
2718 3739 17182
3739 3684 27101
3684 2748 2512
2748 2129 7893
2129 707 10830
707 3947 7379
3947 3606 13761
3606 1145 13945
1145 3870 12123
3870 2017 15705
2017 3004 5826
3004 4083 9857
4083 3686 2912
3686 3865 7166
3865 626 5350
626 1351 15622
1351 3082 6263
3082 573 12108
573 2783 13790
2783 2193 5286
2193 3386 5060
3386 88 35381
88 1762 15978
1762 194 7317
194 3264 27295
3264 4036 5796
4036 3494 12606
3494 1557 15465
1557 2883 10128
2883 21 8937
21 7 19784
7 199 5127
199 1277 5559
1277 3844 19858
3844 2740 20006
2740 1172 7188
1172 3477 15965
3477 3583 10037
3583 1882 10350
1882 245 17083
245 3012 8672
3012 1035 10012
1035 3414 7803
3414 2502 11253
2502 2503 18137
2503 1180 14174
1180 2607 11846
2607 179 16340
179 1187 14791
1187 1688 11048
1688 3741 3921
3741 2613 7324
2613 1810 9180
1810 2731 25866
2731 409 16616
409 1418 14281
1418 3765 18004
3765 1548 18383
1548 616 9398
616 3133 15808
3133 1854 13326
1854 4018 8634
4018 3988 7037
3988 2642 4016
2642 2405 7420
2405 3761 19379
3761 3724 9601
3724 1307 6251
1307 3255 9350
3255 17 8019
17 2463 3000
2463 2328 22812
2328 1257 13763
1257 192 12762
192 606 15382
606 3622 11364
3622 2394 18702
2394 4013 4877
4013 2876 7502
2876 3392 13428
3392 2057 18926
2057 3165 6218
3165 2389 1157
2389 1605 10468
1605 2671 9249
2671 2106 18361
2106 1264 558
1264 2247 12375
2247 1487 12814
1487 2248 4064
2248 4037 9520
4037 1026 5736
1026 2184 8608
2184 330 14992
330 329 21088
329 1085 26187
1085 1513 5831
1513 3075 16069
3075 3853 14872
3853 3070 6898
3070 2337 8747
2337 3769 18655
3769 2743 17386
2743 1027 9293
1027 1303 9530
1303 1426 3513
1426 3282 12117
3282 1799 15065
1799 2592 5337
2592 950 6544
950 543 4452
543 185 2507
185 1170 7919
1170 713 6326
713 1231 7688
1231 1482 6498
1482 3023 10894
3023 2789 14355
2789 3242 11581
3242 2842 5233
2842 2670 16425
2670 2415 9263
2415 2363 8235
2363 2730 9255
2730 3115 7496
3115 3687 16594
3687 2652 9519
2652 4064 12915
4064 4006 7268
4006 1093 2060
1093 3812 16694
3812 3639 17070
3639 36 9357
36 734 20607
734 3077 12279
3077 1727 9672
1727 897 24867
897 141 17465
141 3106 20563
3106 217 6040
217 3426 16830
3426 1252 10614
1252 3279 8774
3279 2759 18190
2759 837 10762
837 3575 9204
3575 933 10189
933 212 10863
212 3000 1213
3000 1066 6551
1066 3835 15727
3835 1371 4748
1371 1629 11952
1629 1147 13516
1147 1142 9589
1142 762 7617
762 3383 4731
3383 1389 7919
1389 4041 11173
4041 609 13436
609 3963 12889
3963 3965 1048
3965 2954 8556
2954 3766 13097
3766 3507 14887
3507 3441 9756
3441 1030 16682
1030 2141 12143
2141 180 13843
180 1505 13164
1505 3518 15171
3518 3811 12362
3811 2430 13888
2430 1923 11891
1923 1648 4659
1648 3660 9180
3660 1578 16200
1578 3118 4378
3118 3252 14109
3252 2519 28015
2519 2942 52
2942 1626 20951
1626 841 7933
841 966 10839
966 1884 18096
1884 2596 9084
2596 1749 16923
1749 273 11414
273 357 7882
357 2683 12158
2683 2707 9802
2707 668 10081
668 2026 7694
2026 1781 8257
1781 1373 10792
1373 258 9750
258 760 2877
760 2165 8554
2165 3045 2286
3045 2841 5382
2841 3772 8649
3772 2654 10725
2654 2239 7694
2239 2082 11189
2082 3337 27310
3337 3603 17803
3603 917 7677
917 391 2114
391 1863 28614
1863 3931 14914
3931 2058 2443
2058 1901 11604
1901 1003 6089
1003 490 11625
490 2360 23937
2360 1641 19777
1641 3143 8096
3143 2822 13857
2822 431 12834
431 4076 10641
4076 4019 8007
4019 2873 12512
2873 31 8657
31 2117 10336
2117 1448 18948
1448 2324 8936
2324 3186 4038
3186 3738 8594
3738 3450 15680
3450 1560 22662
1560 630 12167
630 275 9183
275 1926 6850
1926 1890 11970
1890 3160 3066
3160 1751 11512
1751 1097 17402
1097 3816 15962
3816 816 1784
816 3355 4769
3355 3872 11654
3872 3670 7492
3670 3420 10716
3420 662 9403
662 3290 11695
3290 2599 30427
2599 1524 5162
1524 3046 12423
3046 2343 18405
2343 3239 9263
3239 4039 12097
4039 819 12612
819 520 8261
520 1665 6198
1665 1282 8293
1282 2585 11758
2585 2063 7592
2063 2665 5427
2665 4004 2155
4004 3916 12344
3916 133 7602
133 710 20867
710 1699 6727
1699 3335 16317
3335 1409 3640
1409 252 10358
252 3939 10429
3939 2791 6323
2791 1123 9018
1123 1381 4811
1381 603 5529
603 1292 3057
1292 2534 14360
2534 3709 5914
3709 1875 5430
1875 972 4670
972 1411 12892
1411 2828 4961
2828 13 5200
13 1154 23208
1154 3731 4638
3731 134 21166
134 1463 22087
1463 1851 17201
1851 2629 4691
2629 3232 9859
3232 2288 4765
2288 326 3667
326 249 9802
249 3973 14817
3973 3658 6717
3658 909 8506
909 2278 19823
2278 3961 8424
3961 2845 19768
2845 2490 10228
2490 1617 12956
1617 2060 12146
2060 2459 13488
2459 3113 11754
3113 1248 18139
1248 1103 12491
1103 682 11622
682 73 13993
73 2168 7765
2168 1522 13971
1522 2397 3874
2397 1034 17009
1034 1104 8411
1104 1246 1381
1246 2238 16607
2238 2510 7856
2510 2939 10165
2939 3706 4874
3706 2687 2294
2687 3530 4996
3530 2573 1583
2573 1155 12876
1155 3504 7788
3504 2203 17583
2203 1493 7237
1493 2926 9746
2926 3559 13322
3559 3452 13307
3452 1986 10963
1986 3234 2911
3234 2201 2480
2201 1679 17119
1679 743 21114
743 3142 7701
3142 1601 25012
1601 1846 20852
1846 3902 5381
3902 801 9360
801 2986 10277
2986 3574 10433
3574 1422 15222
1422 1623 22763
1623 3740 22042
3740 3659 13009
3659 3050 5314
3050 2729 10990
2729 2307 28656
2307 2046 11021
2046 1452 18220
1452 2424 1394
2424 1402 36074
1402 3911 3227
3911 3446 21379
3446 1031 11439
1031 1407 6554
1407 1391 4236
1391 3549 10662
3549 1244 27379
1244 378 19978
378 108 6605
108 2103 18947
2103 844 22696
844 2191 24173
2191 1331 1531
1331 4043 7211
4043 3921 7567
3921 920 7882
920 2066 16634
2066 1985 7204
1985 367 3070
367 2758 18728
2758 2574 11893
2574 347 24746
347 444 6850
444 1715 6333
1715 3565 4685
3565 4014 13047
4014 849 1985
849 975 16078
975 1977 16063
1977 2940 19505
2940 2668 7725
2668 666 9497
666 2 3290
2 2207 7812
2207 214 4874
214 3150 2156
3150 3638 1554
3638 3627 9677
3627 2579 15028
2579 2218 7244
2218 2334 5276
2334 2189 3164
2189 952 12326
952 1111 4110
1111 1062 18859
1062 1515 8192
1515 87 17278
87 472 18586
472 341 9116
341 818 7089
818 1025 3420
1025 282 13611
282 3568 1581
3568 3958 9148
3958 636 12605
636 1689 14869
1689 1328 12057
1328 3213 10360
3213 3569 6561
3569 2829 1144
2829 3826 8043
3826 1325 17194
1325 4017 9285
4017 369 18180
369 2476 6910
2476 600 3700
600 256 21423
256 504 19145
504 318 5557
318 2969 16276
2969 921 16204
921 3521 9374
3521 3839 17467
3839 3545 9011
3545 539 18305
539 64 17187
64 2237 1866
2237 1291 9315
1291 717 10889
717 2826 15839
2826 1825 9740
1825 521 12958
521 2685 10981
2685 2151 7450
2151 4060 10315
4060 977 21052
977 1897 5354
1897 2760 13215
2760 3039 3305
3039 771 7037
771 2653 4551
2653 2270 4454
2270 1488 5977
1488 1285 6152
1285 1620 8014
1620 1174 17168
1174 1203 2002
1203 1587 20991
1587 284 12779
284 540 6431
540 3520 13906
3520 181 16275
181 123 5921
123 1637 5781
1637 309 9302
309 2870 14814
2870 794 1406
794 1839 5375
1839 2987 13518
2987 1714 6114
1714 204 7534
204 887 10892
887 3976 9246
3976 3538 14834
3538 1974 12446
1974 1209 6933
1209 827 11971
827 1338 4797
1338 2738 8516
2738 604 12180
604 922 10010
922 3384 15940
3384 1507 11920
1507 2504 24527
2504 1779 5126
1779 2526 15431
2526 1981 15457
1981 3453 5517
3453 2136 8449
2136 3289 19081
3289 1634 6014
1634 1013 8843
1013 382 21666
382 390 21011
390 3991 16273
3991 2088 12279
2088 1535 12153
1535 3182 11252
3182 1848 9887
1848 3241 15779
3241 2543 31626
2543 1604 5425
1604 2124 7612
2124 1071 14325
1071 3723 7356
3723 2449 9437
2449 2664 6050
2664 1953 16139
1953 3850 16721
3850 130 20394
130 2348 5450
2348 2936 18915
2936 999 5474
999 2866 1864
2866 450 16310
450 4045 8043
4045 2725 19907
2725 2374 7768
2374 1190 7390
1190 3003 8439
3003 3854 12692
3854 1572 10982
1572 558 11601
558 3614 9819
3614 679 20255
679 1191 10787
1191 3107 4945
3107 1165 14488
1165 3063 10392
3063 1821 13553
1821 3690 15926
3690 1619 21144
1619 2216 5548
2216 2209 15408
2209 940 13207
940 4070 9447
4070 3323 10696
3323 994 4910
994 65 16803
65 1129 21982
1129 2597 8205
2597 2950 15975
2950 3048 12830
3048 70 10789
70 3720 6583
3720 332 5042
332 3401 19385
3401 2898 14698
2898 993 9160
993 3103 13337
3103 3522 17666
3522 1879 15255
1879 1287 11174
1287 2097 18280
2097 1796 8611
1796 1387 3328
1387 1508 13616
1508 3292 13278
3292 2175 4001
2175 1970 13915
1970 3951 23738
3951 3425 25206
3425 1299 13101
1299 588 12058
588 507 15133
507 2371 3179
2371 2919 8042
2919 2466 10543
2466 3247 7138
3247 672 6694
672 68 3792
68 942 7297
942 2931 4811
2931 1534 13421
1534 3932 15906
3932 1161 16110
1161 3267 6758
3267 3431 1000
3431 834 12141
834 1229 18175
1229 537 3856
537 936 5741
936 613 10296
613 3135 9493
3135 2277 8493
2277 500 19490
500 479 17460
479 1043 18859
1043 3729 9670
3729 584 5742
584 956 9352
956 3634 2414
3634 3519 4596
3519 397 7036
397 1280 3413
1280 2412 11799
2412 3404 10255
3404 433 2116
433 832 11535
832 1987 17667
1987 1033 20013
1033 300 6612
300 3696 8727
3696 3669 6173
3669 2605 20123
2605 3049 23031
3049 1271 3865
1271 265 18188
265 732 6963
732 223 16546
223 506 12772
506 3185 16998
3185 344 10707
344 3014 11705
3014 1024 9351
1024 595 6523
595 1914 12578
1914 2723 6790
2723 1385 6188
1385 2452 10988
2452 1568 10886
1568 2998 20806
2998 2281 2103
2281 2252 22610
2252 1728 19151
1728 1611 19660
1611 1060 10967
1060 663 7904
663 3458 4175
3458 1200 7789
1200 1011 12177
1011 4023 11430
4023 2110 20931
2110 1538 11865
1538 3389 11827
3389 1643 9636
1643 3261 12211
3261 954 4518
954 2945 13747
2945 793 3034
793 1783 14030
1783 2273 5400
2273 2464 9463
2464 3268 11726
3268 1577 20249
1577 3755 11956
3755 2126 2657
2126 2872 6127
2872 3177 4907
3177 1964 12140
1964 2436 20709
2436 2993 5540
2993 1609 14554
1609 1946 16393
1946 1447 5997
1447 674 6904
674 2408 5137
2408 1994 24176
1994 2726 16852
2726 1045 17346
1045 2832 10827
2832 3693 23520
3693 651 17008
651 1880 2345
1880 2473 2856
2473 1434 10642
1434 700 9846
700 1989 10576
1989 1494 24509
1494 3286 13092
3286 1042 18846
1042 3864 9759
3864 3971 10029
3971 3928 4683
3928 733 2334
733 1752 5526
1752 1206 13857
1206 667 4677
667 3954 10832
3954 3790 12349
3790 2975 14362
2975 2796 18186
2796 2062 13143
2062 2570 9391
2570 1566 21972
1566 3336 13501
3336 1069 11637
1069 3195 13489
3195 1886 9598
1886 1301 8478
1301 955 5195
955 796 16753
796 1569 17038
1569 846 18207
846 2224 25943
2224 780 11372
780 3702 10460
3702 2101 14907
2101 3444 8003
3444 94 9381
94 3920 10932
3920 1436 18599
1436 3795 17488
3795 2880 20942
2880 1405 11475
1405 1580 17165
1580 1877 7836
1877 3744 4361
3744 227 11263
227 1962 10658
1962 1395 17626
1395 343 20072
343 2290 16226
2290 197 8956
197 2059 10046
2059 3484 4316
3484 440 10824
440 761 15275
761 3970 6288
3970 2321 7447
2321 1661 12753
1661 2403 12916
2403 2014 12761
2014 2517 11393
2517 3983 13470
3983 568 11541
568 2569 12547
2569 1590 13899
1590 1655 8411
1655 3153 3091
3153 4050 19614
4050 3297 7589
3297 3169 2655
3169 1054 4123
1054 2169 9230
2169 1063 12807
1063 2531 15383
2531 1158 15912
1158 3496 5576
3496 3294 10436
3294 76 13051
76 2756 11985
2756 2388 7494
2388 1 13131
1 2044 15831
2044 208 6298
208 2313 9164
2313 3043 3123
3043 3056 12444
3056 1020 4101
1020 1553 5740
1553 2974 21260
2974 2837 19504
2837 3824 9069
3824 350 7771
350 1415 21830
1415 528 12666
528 3501 23602
3501 2897 8323
2897 3435 4416
3435 394 13005
394 2778 12024
2778 24 3252
24 1996 16637
1996 1099 6596
1099 71 5959
71 1592 17501
1592 1719 16106
1719 381 19000
381 3905 22842
3905 2852 12986
2852 1928 4215
1928 3360 4599
3360 1579 16023
1579 2283 10335
2283 1726 3394
1726 2530 4552
2530 2054 11663
2054 2072 6588
2072 3996 13175
3996 642 15441
642 859 9201
859 98 10281
98 3183 16800
3183 1756 15671
1756 77 27861
77 417 34816
417 3361 14136
3361 790 1661
790 3310 14170
3310 3356 17010
3356 2785 14295
2785 1933 12224
1933 2815 17551
2815 1497 6406
1497 2583 12772
2583 168 9786
168 2493 3190
2493 2320 2940
2320 3605 27691
3605 2860 14533
2860 2780 4045
2780 3380 8076
3380 3199 5238
3199 1502 7322
1502 2084 9747
2084 1194 26157
1194 3269 2571
3269 1044 11815
1044 3880 23902
3880 774 9622
774 715 15059
715 251 2165
251 364 5062
364 3218 7172
3218 3353 10638
3353 863 10179
863 1930 3141
1930 1278 4591
1278 1593 4878
1593 295 9406
295 95 11091
95 313 14636
313 4087 8146
4087 3907 5260
3907 149 8612
149 784 12605
784 3032 4132
3032 547 6714
547 509 5699
509 3303 18021
3303 2391 27343
2391 3428 14132
3428 594 4042
594 2365 10451
2365 2727 8103
2727 1905 6910
1905 2807 9345
2807 3762 13802
3762 2421 17552
2421 3543 10322
3543 2484 8995
2484 2312 5327
2312 3221 12669
3221 1383 22079
1383 3148 8332
3148 3601 11045
3601 886 7939
886 2416 10292
2416 1607 7015
1607 4061 9676
4061 1586 14284
1586 2223 10251
2223 817 10504
817 3055 31707
3055 1006 7437
1006 2345 15034
2345 2100 2559
2100 3132 6393
3132 1403 1474
1403 968 15344
968 3827 16561
3827 4049 9624
4049 617 6888
617 821 7612
821 1363 9927
1363 1503 14591
1503 3781 1373
3781 3637 10294
3637 2085 13561
2085 3588 16295
3588 3938 20994
3938 2881 11935
2881 3371 15123
3371 3105 18403
3105 3129 13410
3129 2098 5727
2098 884 4353
884 2753 17289
2753 1971 1526
1971 1314 3580
1314 2160 3413
2160 2903 14634
2903 3114 6367
3114 3327 18088
3327 1266 9448
1266 4003 8342
4003 301 14576
301 193 5085
193 3985 4984
3985 2456 6451
2456 2404 6353
2404 1570 20123
1570 1575 6552
1575 798 12246
798 2447 9933
2447 1925 6305
1925 2127 15788
2127 3225 7982
3225 973 5207
973 1924 18701
1924 1324 11383
1324 2655 7141
2655 3198 4455
3198 3516 8217
3516 2576 5407
2576 1517 13574
1517 1348 4680
1348 653 7008
653 3117 11932
3117 1750 1384
1750 1709 11749
1709 67 5549
67 1504 6992
1504 148 9600
148 2507 22324
2507 2686 17614
2686 29 15971
29 2381 11346
2381 2346 7212
2346 2996 15427
2996 2186 8381
2186 1289 10292
1289 2211 15264
2211 3127 6362
3127 575 15761
575 813 30587
813 2711 10646
2711 1698 1420
1698 159 8628
159 1650 3350
1650 3233 11939
3233 451 4376
451 988 11342
988 2844 2237
2844 1640 7739
1640 1716 13088
1716 411 8907
411 2890 7838
2890 1230 17411
1230 3047 2629
3047 2289 5329
2289 322 5573
322 2770 12818
2770 2143 11319
2143 1204 16136
1204 718 12988
718 640 7970
640 1556 15576
1556 1471 7272
1471 2646 9282
2646 3038 24212
3038 228 4438
228 916 5018
916 20 8494
20 2667 20698
2667 4056 1736
4056 1113 16485
1113 3465 14185
3465 1015 12087
1015 572 21683
572 1918 9877
1918 2024 7953
2024 1912 17488
1912 316 9677
316 3957 6913
3957 829 8934
829 2568 4367
2568 310 5909
310 980 18093
980 1610 13641
1610 3801 9582
3801 2113 14558
2113 157 12436
157 1019 7048
1019 1396 4235
1396 3158 3874
3158 932 4603
932 321 5693
321 3598 10071
3598 2644 11234
2644 422 6155
422 2458 9905
2458 3130 1619
3130 4054 19428
4054 205 14943
205 2140 3008
2140 3866 17943
3866 3480 15968
3480 1531 11259
1531 1199 2698
1199 496 906
496 949 7274
949 656 4448
656 459 7158
459 1310 7929
1310 1731 11290
1731 121 15204
121 2076 21004
2076 434 6127
434 3730 10782
3730 327 13088
327 2499 2006
2499 2028 4036
2028 1205 8994
1205 945 11611
945 2737 12178
2737 3791 5770
3791 3764 1663
3764 2661 10888
2661 106 12246
106 2480 6900
2480 2747 11300
2747 3036 5169
3036 2444 4180
2444 3975 9644
3975 3879 4449
3879 404 11691
404 3859 17431
3859 1259 7181
1259 464 15229
464 43 21639
43 35 15160
35 951 13347
951 2470 10016
2470 3467 8818
3467 1492 2897
1492 135 8728
135 2489 5337
2489 398 8600
398 1300 5680
1300 1086 16464
1086 2233 7720
2233 2454 16325
2454 1671 4795
1671 1891 16660
1891 2107 6735
2107 1936 13385
1936 1574 9529
1574 3460 14218
3460 3917 13766
3917 2928 4627
2928 162 8226
162 3922 14821
3922 3809 12467
3809 1521 16411
1521 918 3135
918 305 8168
305 1176 13559
1176 2786 3935
2786 178 3808
178 855 4607
855 2451 12835
2451 2871 2279
2871 3892 2593
3892 1032 5717
1032 297 11736
297 3860 13945
3860 1125 10781
1125 553 10643
553 1491 9645
1491 2732 15919
2732 52 11453
52 3299 10207
3299 105 10316
105 234 19643
234 3463 17325
3463 3783 6740
3783 1842 15752
1842 2045 17589
2045 2849 6565
2849 3642 22020
3642 2300 6595
2300 870 2852
870 2548 5535
2548 742 8028
742 750 12567
750 3771 13593
3771 518 1999
518 9 13264
9 1305 16071
1305 804 7113
804 3192 9527
3192 2109 25388
2109 2988 17589
2988 269 2937
269 614 16050
614 1458 2846
1458 3966 9520
3966 2208 8019
2208 435 6545
435 676 12714
676 2056 5816
2056 430 22308
430 3456 23015
3456 3138 5136
3138 2384 13000
2384 1765 8482
1765 293 22373
293 2553 18579
2553 3324 14411
3324 3979 6133
3979 3249 8619
3249 3796 16961
3796 2311 8152
2311 501 21999
501 3737 8625
3737 1067 9140
1067 1057 11240
1057 693 13330
693 1855 15478
1855 654 1305
654 836 6453
836 456 9106
456 3057 13115
3057 3437 13883
3437 778 12047
778 1862 14652
1862 1956 5535
1956 2805 2837
2805 1939 5257
1939 2985 9348
2985 1681 9877
1681 2395 12755
2395 2524 16955
2524 3407 9022
3407 1465 4905
1465 2407 7576
2407 593 5516
593 823 23841
823 1889 20920
1889 1365 6417
1365 276 2854
276 460 11255
460 2863 9322
2863 4063 6399
4063 1892 19057
1892 3293 8836
3293 2081 5311
2081 3680 4224
3680 3999 11170
3999 2339 10158
2339 3313 9245
3313 3848 13151
3848 923 10899
923 63 13624
63 3254 8342
3254 3972 6364
3972 3748 18394
3748 3878 14196
3878 1001 7300
1001 1095 4345
1095 3200 18379
3200 991 16212
991 2491 5373
2491 2402 10058
2402 3566 13590
3566 2220 7067
2220 3830 6981
3830 468 17471
468 811 10773
811 962 19328
962 3391 8569
3391 688 15602
688 3674 8768
3674 2105 15184
2105 3006 3361
3006 2042 21787
2042 2094 22844
2094 3776 3276
3776 3128 12072
3128 3147 18576
3147 2768 6260
2768 3287 8588
3287 113 15297
113 3819 11794
3819 2775 6600
2775 2925 17332
2925 299 8557
299 1162 6952
1162 2366 10200
2366 2808 4796
2808 1128 11271
1128 3756 8425
3756 1116 11861
1116 2364 10508
2364 1233 9481
1233 3112 8162
3112 86 12615
86 1288 12948
1288 1068 14941
1068 721 6905
721 839 6022
839 1809 13947
1809 3314 4830
3314 1628 13282
1628 2244 9281
2244 1887 5153
1887 3302 7547
3302 115 13710
115 3381 18000
3381 1782 17014
1782 1007 27411
1007 2377 12612
2377 592 3437
592 2501 11622
2501 2637 13180
2637 824 8851
824 1412 11065
1412 3775 15379
3775 3295 12253
3295 28 13794
28 552 9566
552 3276 9684
3276 1050 14945
1050 158 17727
158 2413 7370
2413 1131 16095
1131 2099 13039
2099 2899 9128
2899 2702 8731
2702 2102 5509
2102 250 7316
250 1046 10691
1046 2123 5105
2123 2330 14508
2330 621 11293
621 2341 3449
2341 2483 11018
2483 3334 5426
3334 1273 11827
1273 722 5800
722 1540 5528
1540 1110 10946
1110 1675 12944
1675 706 5613
706 3220 13709
3220 2521 7053
2521 714 15324
714 2659 9469
2659 843 18818
843 865 4208
865 3044 20975
3044 11 12488
11 3635 11281
3635 1644 12985
1644 2401 16246
2401 311 16832
311 1512 11888
1512 1238 15778
1238 1789 4154
1789 1274 18847
1274 124 7279
124 3993 1928
3993 2342 13336
2342 580 17104
580 3855 13671
3855 1669 9652
1669 779 6312
779 655 4251
655 889 12587
889 1038 3410
1038 3828 15595
3828 2745 16479
2745 2002 12251
2002 2214 8099
2214 1940 9353
1940 3009 20731
3009 1528 6146
1528 1360 20865
1360 842 7437
842 3986 9507
3986 4080 16881
4080 1841 7107
1841 4027 22790
4027 2409 24093
2409 2159 6417
2159 1236 8863
1236 232 22288
232 1173 18046
1173 896 14825
896 3400 9235
3400 3679 3593
3679 3941 5285
3941 2710 16998
2710 1588 13406
1588 296 9618
296 443 10918
443 1454 11486
1454 1594 21208
1594 3422 8806
3422 3263 7121
3263 1895 5900
1895 44 9752
44 2627 12317
2627 3470 7849
3470 271 8428
271 2977 14078
2977 230 8386
230 3573 11729
3573 2400 9102
2400 1840 13187
1840 1583 14054
1583 1416 8447
1416 6 947
6 2382 10433
2382 462 7412
462 3320 12019
3320 3085 9740
3085 3191 27022
3191 3099 19431
3099 1016 20814
1016 2047 21768
2047 1999 9973
1999 100 21257
100 2260 7117
2260 719 4509
719 939 6958
939 3364 9887
3364 1770 7707
1770 810 10209
810 1087 14181
1087 2425 24138
2425 1175 13108
1175 1904 17092
1904 2676 12881
2676 1149 4689
1149 2810 13203
2810 2896 15772
2896 2326 14300
2326 1819 12792
1819 2515 9449
2515 2144 18887
2144 1181 9818
1181 946 12407
946 2742 21914
2742 14 21494
14 3792 20532
3792 143 11780
143 559 25608
559 3028 21324
3028 23 6329
23 1559 12791
1559 3532 4528
3532 670 14134
670 1722 3612
1722 2703 18075
2703 2678 14922
2678 3506 13651
3506 3649 6426
3649 3808 14009
3808 587 6354
587 515 4229
515 358 23532
358 2298 6526
2298 2877 10440
2877 2917 6888
2917 931 5773
931 3786 12181
3786 1995 9734
1995 3349 9623
3349 4052 7996
4052 2839 10121
2839 3172 9844
3172 2115 6117
2115 266 29410
266 1384 18093
1384 1705 1020
1705 3454 26250
3454 216 4963
216 420 15224
420 1685 4011
1685 2761 11061
2761 2804 7498
2804 1440 12407
1440 2978 18950
2978 619 5443
619 2171 8306
2171 3251 18285
3251 1350 18102
1350 1220 3666
1220 1866 12182
1866 1272 22948
1272 687 7281
687 191 9054
191 1058 7478
1058 1747 17741
1747 2293 9701
2293 370 16819
370 2784 1790
2784 1315 11259
1315 1420 7115
1420 3608 12586
3608 2482 20367
2482 2194 16759
2194 1693 25624
1693 91 14027
91 2787 8637
2787 2575 10421
2575 291 11782
291 1136 15859
1136 1678 10258
1678 1672 15107
1672 1445 12844
1445 3998 7301
3998 1852 10890
1852 3876 18753
3876 117 9767
117 4081 13770
4081 1462 12897
1462 1625 7562
1625 907 11165
907 4058 17361
4058 2997 4939
2997 930 7582
930 2584 13182
2584 1740 5691
1740 2007 2903
2007 1658 3346
1658 4072 20764
4072 1456 16582
1456 2021 12539
2021 3897 15470
3897 4016 4781
4016 1764 13328
1764 1807 15057
1807 1802 8459
1802 3794 2138
3794 2154 6701
2154 3094 7396
3094 3837 7636
3837 1164 8801
1164 3703 11412
3703 3203 16147
3203 2292 24274
2292 3061 10369
3061 727 14260
727 150 15528
150 1838 17122
1838 1555 13413
1555 2713 23476
2713 325 10773
325 3236 22475
3236 807 9968
807 1847 10509
1847 787 11739
787 2705 15142
2705 484 5810
484 1754 20878
1754 2720 15470
2720 3259 21801
3259 3069 18635
3069 2809 9859
2809 2227 17883
2227 3171 19460
3171 2378 7935
2378 1702 15325
1702 815 19289
815 3701 7200
3701 3592 31980
3592 3020 14205
3020 1455 6521
1455 3997 13134
3997 847 12840
847 405 7253
405 519 8127
519 2879 788
2879 3940 11811
3940 403 7770
403 3539 3685
3539 3228 4579
3228 136 14474
136 3800 14932
3800 910 6966
910 2350 7136
2350 3925 9972
3925 1509 8896
1509 3856 7769
3856 2303 7967
2303 740 9424
740 1053 8919
1053 3102 674
3102 527 6444
527 3645 5731
3645 1112 6535
1112 415 13625
415 3499 22015
3499 360 23427
360 4075 2997
4075 1606 4538
1606 4008 12324
4008 2886 17712
2886 639 7068
639 4088 12068
4088 1850 8823
1850 3678 15492
3678 782 4312
782 2121 5925
2121 902 1220
902 881 9359
881 3051 22891
3051 2587 24131
2587 110 16911
110 2023 14803
2023 1979 7411
1979 1237 9070
1237 3305 15224
3305 2706 11649
2706 967 8032
967 705 17487
705 1966 15408
1966 2684 14089
2684 2369 12483
2369 1207 19154
1207 2782 22754
2782 3593 12110
3593 1919 23462
1919 2878 8096
2878 2643 7605
2643 759 6424
759 1616 9312
1616 541 7816
541 2065 10583
2065 3478 7641
3478 3733 10309
3733 492 10813
492 2396 18673
2396 1339 16690
1339 1075 23773
1075 1320 12890
1320 880 11887
880 2332 12501
2332 3393 18054
3393 3511 23377
3511 2921 16927
2921 3062 6225
3062 3493 5460
3493 2609 4054
2609 3901 8793
3901 2232 5479
2232 2851 11328
2851 2554 8552
2554 389 1117
389 235 5602
235 1214 6743
1214 1805 7123
1805 826 9441
826 1823 12440
1823 352 12824
352 2064 17067
2064 1400 5811
1400 3010 13996
3010 1449 16443
1449 1421 20860
1421 3528 1783
3528 589 7789
589 3536 5620
3536 2418 19232
2418 167 10286
167 2889 8090
2889 2641 2820
2641 1404 5552
1404 3054 17343
3054 1883 8292
1883 3685 4952
3685 690 18533
690 697 13001
697 1322 9818
1322 1600 4015
1600 274 17873
274 2287 11802
2287 3402 4022
3402 1260 4046
1260 1761 16562
1761 2433 22102
2433 2976 7345
2976 3542 8326
3542 2777 11360
2777 3026 4612
3026 1638 6189
1638 1663 18654
1663 3030 11156
3030 3394 6273
3394 3699 14415
3699 766 4054
766 2178 5667
2178 2249 10734
2249 3751 30829
3751 3535 18204
3535 1461 8294
1461 1720 15516
1720 1427 15194
1427 2874 12488
2874 3584 7276
3584 1725 17865
1725 242 7230
242 2819 4776
2819 349 9590
349 1041 6306
1041 757 2836
757 788 10297
788 885 9114
885 3994 10925
3994 1368 28679
1368 2525 7349
2525 745 17503
745 2013 4386
2013 3184 11939
3184 2968 16047
2968 2269 17853
2269 2256 20423
2256 2923 16947
2923 1295 19778
1295 701 8839
701 888 6658
888 2545 10224
2545 2601 12651
2601 1539 12888
1539 2628 8736
2628 93 6347
93 684 8014
684 2698 14606
2698 2450 12682
2450 1827 4193
1827 1695 7091
1695 320 11857
320 2192 9980
2192 4024 5712
4024 1446 12099
1446 3260 10340
3260 2135 4922
2135 356 3081
356 3348 13127
3348 132 13816
132 1419 7024
1419 3001 6839
3001 3551 7788
3551 598 9046
598 1393 9728
1393 1903 9377
1903 1127 14892
1127 1217 7119
1217 1076 18986
1076 314 5425
314 1746 11205
1746 2251 1405
2251 3090 4602
3090 544 9849
544 3265 13523
3265 1942 9848
1942 1346 8068
1346 3245 6248
3245 3643 14240
3643 912 8499
912 1341 13793
1341 1358 10317
1358 1983 7831
1983 2308 9720
2308 2000 10808
2000 3104 13141
3104 3178 10947
3178 0 11668
